[0.84115538 0.84544327 0.15455673]
[0.86022651 0.90661179 0.09338821]
[0.86653244 0.94026535 0.05973465]
[0.86221493 0.91563868 0.08436132]
[0.8586176  0.89993829 0.10006171]
[0.86200473 0.91463581 0.08536419]
[0.86342649 0.92169047 0.07830953]
[0.85586234 0.88948722 0.11051278]
[0.8624616  0.91683215 0.08316785]
[0.86890901 0.96107513 0.03892487]
[0.86944588 0.96807485 0.03192515]
[0.86433143 0.9265665  0.0734335 ]
[0.86148289 0.91219946 0.08780054]
[0.87028653 0.99285473 0.00714527]
[0.87025361 0.98814166 0.01185834]
[0.85222155 0.87708089 0.12291911]
[0.86655121 0.94039748 0.05960252]
[0.86499883 0.930404   0.069596  ]
[0.8475342  0.86278378 0.13721622]
[0.8495703  0.86880006 0.13119994]
[0.83941493 0.84103579 0.15896421]
[0.86809319 0.95270203 0.04729797]
[0.84148499 0.84629189 0.15370811]
[0.84189088 0.84734325 0.15265675]
[0.84385971 0.85254775 0.14745225]
[0.86767623 0.94903407 0.05096593]
[0.87011171 0.98168067 0.01831933]
[0.86125922 0.91117714 0.08882286]
[0.87028645 0.99275337 0.00724663]
[0.86510216 0.93101928 0.06898072]
[0.86983282 0.97470947 0.02529053]
[0.86347879 0.92196324 0.07803676]
[0.86949939 0.96888353 0.03111647]
[0.85832794 0.89878619 0.10121381]
[0.86044688 0.90756581 0.09243419]
[0.87028591 0.99238124 0.00761876]
[0.85703382 0.89379906 0.10620094]
[0.85367424 0.88186983 0.11813017]
[0.85918298 0.90222838 0.09777162]
[0.86204846 0.9148434  0.0851566 ]
[0.86927654 0.96567286 0.03432714]
[0.86208667 0.91502523 0.08497477]
[0.85890989 0.90111521 0.09888479]
[0.85325239 0.88045885 0.11954115]
[0.8537424  0.88209944 0.11790056]
[8.70286619e-01 9.99900000e-01 9.99999447e-05]
[0.87020962 0.98552391 0.01447609]
nan
[0.86886396 0.96055629 0.03944371]
[0.86886396 0.96055629 0.03944371]
[0.86784882 0.95051383 0.04948617]
[0.8551033  0.88678459 0.11321541]
[0.84638416 0.85950008 0.14049992]
[0.86378091 0.92355969 0.07644031]
[0.85774972 0.89652671 0.10347329]
[0.83831962 0.83832211 0.16167789]
[0.84376096 0.85228238 0.14771762]
[0.86229683 0.9160329  0.0839671 ]
[0.85683002 0.89303588 0.10696412]
[0.85946882 0.90340808 0.09659192]
[0.85164486 0.87523199 0.12476801]
[0.84005907 0.84265296 0.15734704]
[0.86441463 0.92703273 0.07296727]
[0.8593686  0.90299273 0.09700727]
[0.86209744 0.91507656 0.08492344]
[0.86105818 0.91026894 0.08973106]
[0.85140275 0.87446406 0.12553594]
[0.84342875 0.85139315 0.14860685]
[0.84357002 0.85177063 0.14822937]
[0.84355409 0.85172802 0.14827198]
[0.8702865  0.99281524 0.00718476]
[0.87028656 0.9929002  0.0070998 ]
[0.86652965 0.9402458  0.0597542 ]
[0.86651174 0.94012008 0.05987992]
[0.86651174 0.94012008 0.05987992]
[0.86297625 0.9193839  0.0806161 ]
[0.86594307 0.936273   0.063727  ]
[0.86727367 0.94576208 0.05423792]
[0.86142019 0.91191156 0.08808844]
[0.8702791  0.99073796 0.00926204]
[0.83833073 0.83834942 0.16165058]
[0.8546693  0.88526896 0.11473104]
[0.84967576 0.86911927 0.13088073]
[0.84750506 0.86269964 0.13730036]
[0.84974578 0.86933167 0.13066833]
[0.85187758 0.87597469 0.12402531]
[0.8443962 0.8539977 0.1460023]
[0.8501857  0.87067413 0.12932587]
[0.85370931 0.8819879  0.1180121 ]
[0.85486502 0.88594989 0.11405011]
[0.85013082 0.87050589 0.12949411]
[0.83842637 0.83858463 0.16141537]
[0.83840944 0.83854296 0.16145704]
[0.83841172 0.83854858 0.16145142]
[0.83841172 0.83854858 0.16145142]
[0.87028649 0.99280307 0.00719693]
[0.86299511 0.91947907 0.08052093]
[0.86396391 0.9245446  0.0754554 ]
[0.8639652  0.92455158 0.07544842]
[0.8639652  0.92455158 0.07544842]
nan
[0.86137597 0.91170915 0.08829085]
[0.85743963 0.8953361  0.1046639 ]
[0.8677852  0.94996245 0.05003755]
[0.85925883 0.90253993 0.09746007]
[0.85793804 0.89725686 0.10274314]
[0.83857322 0.83894645 0.16105355]
[0.8532752 0.8805347 0.1194653]
[0.85380795 0.88232066 0.11767934]
[0.85440158 0.88434427 0.11565573]
[0.85283369 0.87907511 0.12092489]
[0.85168853 0.87537103 0.12462897]
[0.858038   0.89764662 0.10235338]
[0.8579096  0.89714624 0.10285376]
[0.85720466 0.89444326 0.10555674]
[0.84406413 0.85309855 0.14690145]
[0.85112839 0.87359957 0.12640043]
[0.8509672  0.87309447 0.12690553]
[0.8509672  0.87309447 0.12690553]
[0.85096719 0.87309447 0.12690553]
[0.87028644 0.99273988 0.00726012]
[0.86596355 0.93640704 0.06359296]
[0.86592891 0.93618055 0.06381945]
[0.86592891 0.93618055 0.06381945]
[0.86592891 0.93618055 0.06381945]
