[0.84293347 0.8200042  0.1799958 ]
[0.87028247 0.9811582  0.0188418 ]
[0.87016499 0.97231252 0.02768748]
nan
[0.85651812 0.86793039 0.13206961]
[0.85575664 0.86477371 0.13522629]
[0.87013586 0.97108362 0.02891638]
[0.86552528 0.9154304  0.0845696 ]
[0.86049161 0.88601268 0.11398732]
[0.86413116 0.90615669 0.09384331]
[0.8546632  0.86037901 0.13962099]
nan
nan
[0.85139174 0.84805602 0.15194398]
[0.84622146 0.83051172 0.16948828]
[0.86219931 0.89489525 0.10510475]
[0.87028662 0.98778081 0.01221919]
[0.87028662 0.9938404  0.0061596 ]
[0.84311231 0.82056943 0.17943057]
[0.8430758  0.82045398 0.17954602]
[0.84288534 0.81985223 0.18014777]
nan
nan
[0.84478518 0.8258913  0.1741087 ]
[0.84767197 0.83524069 0.16475931]
[0.86353972 0.90254289 0.09745711]
[0.87028328 0.98136606 0.01863394]
[0.84413053 0.82380115 0.17619885]
[0.87014656 0.97152005 0.02847995]
[0.870005   0.96665824 0.03334176]
[0.85413601 0.85831381 0.14168619]
[0.8646234  0.90929844 0.09070156]
[0.86148635 0.89108372 0.10891628]
[0.86849118 0.94154155 0.05845845]
[0.86679118 0.92511844 0.07488156]
[0.85516695 0.86238433 0.13761567]
[0.84773036 0.83543365 0.16456635]
[0.84486569 0.82614905 0.17385095]
[0.84776241 0.83553968 0.16446032]
[0.84293063 0.81999524 0.18000476]
[0.84424839 0.82417672 0.17582328]
[0.84596265 0.82967559 0.17032441]
[0.84350448 0.82181138 0.17818862]
[0.84775985 0.8355312  0.1644688 ]
[0.84293068 0.81999539 0.18000461]
[0.87028662 0.9938404  0.0061596 ]
[0.86059744 0.88653968 0.11346032]
[0.84606002 0.82998996 0.17001004]
[0.86935077 0.95309825 0.04690175]
[0.86292114 0.89892795 0.10107205]
[0.86983677 0.96230831 0.03769169]
[0.85841496 0.87618771 0.12381229]
nan
[0.85676735 0.86898198 0.13101802]
[0.85514876 0.86231138 0.13768862]
nan
[0.85346263 0.85572304 0.14427696]
[0.85856241 0.87685589 0.12314411]
[0.84316235 0.8207277  0.1792723 ]
[0.84489484 0.82624238 0.17375762]
[0.85878706 0.87788188 0.12211811]
nan
[0.85937078 0.88059485 0.11940515]
[0.857281   0.87117976 0.12882024]
[0.85188647 0.84984905 0.15015095]
[0.84308464 0.82048192 0.17951808]
[0.86407038 0.90577757 0.09422243]
[0.87007908 0.96899255 0.03100745]
[0.84931659 0.84077098 0.15922902]
[0.84366352 0.822316   0.177684  ]
[8.70286609e-01 9.99900016e-01 9.99849914e-05]
nan
nan
[0.84474842 0.82577367 0.17422633]
[0.84978941 0.84239913 0.15760087]
[0.8437394  0.82255699 0.17744301]
[0.86921751 0.9510322  0.0489678 ]
[0.86988792 0.96352867 0.03647133]
[0.84976553 0.84231648 0.15768352]
[0.85945117 0.88097401 0.11902599]
[0.84704049 0.83316867 0.16683133]
[0.84750902 0.83470339 0.16529661]
[0.84446961 0.82488254 0.17511746]
[0.85278802 0.85317759 0.14682241]
[0.85261564 0.85253489 0.14746511]
[0.84854561 0.83815347 0.16184653]
[0.84814668 0.83681657 0.16318343]
[0.84669594 0.83204871 0.16795129]
[0.85081381 0.84598995 0.15401005]
[0.85183905 0.84967618 0.15032382]
[0.87024975 0.97718754 0.02281246]
nan
[0.84507353 0.82681508 0.17318492]
[0.8429127 0.8199386 0.1800614]
[0.84293703 0.82001547 0.17998453]
[0.8701545  0.97185477 0.02814523]
[8.70286619e-01 9.99900000e-01 9.99997798e-05]
[0.85458201 0.86005878 0.13994122]
[0.85885951 0.87821483 0.12178517]
[0.85837463 0.8760057  0.1239943 ]
[0.86820665 0.93837009 0.06162991]
[0.84321633 0.82089849 0.17910151]
[0.84309062 0.82050084 0.17949916]
[0.84407315 0.82361841 0.17638159]
[0.84664335 0.8318781  0.1681219 ]
[0.84288464 0.81985003 0.18014997]
[0.84289127 0.81987096 0.18012904]
[0.84296514 0.82010428 0.17989572]
[0.84418873 0.82398658 0.17601342]
[0.84425373 0.82419374 0.17580625]
[0.8474863  0.83462861 0.16537139]
[0.8455712  0.82841394 0.17158606]
[0.84315358 0.82069997 0.17930003]
[0.84344078 0.82160942 0.17839058]
[0.84375128 0.82259473 0.17740527]
[0.86975045 0.96039785 0.03960215]
[0.85192781 0.84999993 0.15000007]
[0.84416182 0.82390083 0.17609917]
[0.84777685 0.83558746 0.16441254]
[0.84866702 0.83856267 0.16143733]
[0.86802891 0.93649862 0.06350138]
[0.87028662 0.98778081 0.01221919]
[0.85916293 0.87962084 0.12037916]
[0.86081658 0.88764009 0.11235991]
[0.86063986 0.88675173 0.11324827]
