[0.86816976 0.8553574  0.1446426 ]
[0.87027945 0.89055287 0.10944713]
nan
[0.87028662 0.89637444 0.10362556]
[0.86773956 0.85173084 0.14826916]
[0.87028662 0.99172325 0.00827675]
[0.86596302 0.83928466 0.16071534]
[0.8632567  0.82451741 0.17548259]
[0.87026173 0.88867539 0.11132461]
[0.87028662 0.95963501 0.04036499]
[0.87028662 0.97046497 0.02953503]
[0.87028662 0.98242804 0.01757196]
[0.87028662 0.9273273  0.0726727 ]
[0.85677758 0.79793892 0.20206108]
[0.86251465 0.82098834 0.17901166]
[0.87028662 0.99257559 0.00742441]
[0.87028662 0.98764216 0.01235784]
[0.86354063 0.82591591 0.17408409]
[0.86564571 0.83735248 0.16264752]
[0.85622385 0.79599458 0.20400542]
[0.85431812 0.78956979 0.21043021]
[0.86497617 0.83347919 0.16652081]
[0.84883205 0.77288712 0.22711288]
[0.85699894 0.79872692 0.20127308]
[0.85238774 0.7834271  0.2165729 ]
[0.85399008 0.78850184 0.21149816]
[0.86917876 0.86569902 0.13430098]
[0.84069715 0.75150629 0.24849371]
[0.86800214 0.85390426 0.14609574]
[0.84384978 0.7594201  0.2405799 ]
[0.8535691  0.78714629 0.21285371]
[0.86795858 0.8535355  0.1464645 ]
[0.84851126 0.77197845 0.22802155]
[0.8472413  0.76844154 0.23155846]
[0.84940068 0.77451371 0.22548629]
[0.87028662 0.99223678 0.00776322]
nan
[0.8507162  0.77835918 0.22164082]
[0.86383118 0.82737728 0.17262272]
[0.84417832 0.76026942 0.23973058]
[0.87028662 0.96338688 0.03661312]
[0.87028662 0.94282712 0.05717288]
[0.84729574 0.76859125 0.23140875]
[0.842662   0.75638974 0.24361026]
[0.84932564 0.77429787 0.22570213]
[8.70286619e-01 9.99900002e-01 9.99984044e-05]
[0.87028662 0.98986936 0.01013064]
[0.86443866 0.8305414  0.1694586 ]
[0.84567522 0.7642037  0.2357963 ]
[0.85999467 0.81009525 0.18990475]
nan
[0.87028662 0.92722832 0.07277168]
[0.84096237 0.75215654 0.24784346]
[0.85880209 0.80539889 0.19460111]
[0.86978052 0.87446041 0.12553959]
[0.84268783 0.756455   0.243545  ]
[0.8656581  0.83742674 0.16257326]
[0.85782453 0.80172348 0.19827652]
[0.85754458 0.80069689 0.19930311]
[0.85891112 0.8058181  0.1941819 ]
[0.85570208 0.79419593 0.20580407]
[0.8684113  0.85755613 0.14244387]
[0.84969188 0.77535481 0.22464519]
[0.84988822 0.77592511 0.22407489]
[0.85012902 0.7766281  0.2233719 ]
[0.85255343 0.7839415  0.2160585 ]
[0.87028662 0.91563702 0.08436298]
[0.85000588 0.7762681  0.2237319 ]
[0.84977877 0.77560689 0.22439311]
[0.84977877 0.77560689 0.22439311]
[0.87028662 0.99280527 0.00719473]
[0.87028662 0.99149781 0.00850219]
[0.87028662 0.8977066  0.1022934 ]
[0.87028662 0.89719525 0.10280475]
[0.87028662 0.89719525 0.10280475]
[0.87028662 0.943427   0.056573  ]
[0.87028662 0.94185851 0.05814149]
[0.87028662 0.89715758 0.10284242]
[0.8694878  0.86977741 0.13022259]
[0.87028662 0.90715068 0.09284932]
[0.84213916 0.75507501 0.24492499]
[0.84128452 0.75295001 0.24704999]
[0.84298415 0.75720557 0.24279443]
[0.84880592 0.77281285 0.22718715]
[0.84940002 0.77451182 0.22548818]
[0.85303365 0.78544553 0.21455447]
[0.84712151 0.7681127  0.2318873 ]
[0.84211011 0.75500229 0.24499771]
[0.84217105 0.75515487 0.24484513]
[0.84216068 0.75512891 0.24487109]
[0.86400408 0.82826235 0.17173765]
nan
[0.84069789 0.75150809 0.24849191]
[0.84069715 0.75150628 0.24849372]
[0.84069715 0.75150628 0.24849372]
[0.87028662 0.99282191 0.00717809]
[0.87028662 0.99283273 0.00716727]
[0.87010081 0.88165844 0.11834156]
[0.87010535 0.88179449 0.11820551]
[0.87010535 0.88179448 0.11820552]
[0.87028662 0.97162122 0.02837878]
[0.87028662 0.9775653  0.0224347 ]
[0.87028145 0.89088046 0.10911954]
[0.86988565 0.87646794 0.12353206]
[0.87028334 0.89125749 0.10874251]
[0.84233893 0.75557601 0.24442399]
[0.84330001 0.7580098  0.2419902 ]
[0.85203341 0.7823346  0.2176654 ]
[0.85381266 0.78792853 0.21207147]
[0.85394664 0.78836121 0.21163879]
[0.85803904 0.80251765 0.19748235]
[0.85216936 0.78275257 0.21724743]
[0.84946401 0.77469618 0.22530382]
[0.84951246 0.77483592 0.22516408]
[0.84946241 0.77469155 0.22530845]
[0.86660247 0.84340489 0.15659511]
nan
[0.8529006  0.78502684 0.21497316]
[0.85291689 0.78507801 0.21492199]
[0.85291689 0.78507801 0.21492199]
[0.87028662 0.99273989 0.00726011]
nan
[0.87028651 0.89245601 0.10754399]
[0.87028652 0.89247853 0.10752147]
[0.87028652 0.89247853 0.10752147]
