nan
nan
nan
[0.87028662 0.90163476 0.09836524]
[0.87028662 0.92780768 0.07219232]
[0.8694403  0.82593087 0.17406913]
nan
[0.87028662 0.98168931 0.01831069]
[0.87028662 0.99384041 0.00615959]
[0.87028662 0.97680594 0.02319406]
[0.86993634 0.83573933 0.16426067]
[0.87025362 0.84799098 0.15200902]
[0.87028662 0.98143956 0.01856044]
[0.87028662 0.93011067 0.06988933]
[0.86945599 0.82618701 0.17381299]
[0.87028662 0.89238357 0.10761643]
[0.87028662 0.97574042 0.02425958]
[0.87028662 0.9938404  0.0061596 ]
[0.87028662 0.91456279 0.08543721]
[0.87028662 0.93301179 0.06698821]
[0.86782066 0.80645138 0.19354862]
[0.87028662 0.92262179 0.07737821]
[0.87028662 0.99384041 0.00615959]
nan
[0.87002289 0.83807883 0.16192117]
[0.85927345 0.75363444 0.24636556]
nan
[0.87025758 0.84832688 0.15167312]
[0.87028662 0.90699506 0.09300494]
[0.87028662 0.87972812 0.12027188]
nan
nan
[0.85888173 0.75185032 0.24814968]
[0.87021051 0.84517759 0.15482241]
[0.87028662 0.9787569  0.0212431 ]
[0.86385091 0.77735716 0.22264284]
[0.8690839  0.82064328 0.17935672]
[0.86170501 0.7654699  0.2345301 ]
[0.85893707 0.75210059 0.24789941]
[0.85949073 0.75463714 0.24536286]
[0.86934272 0.8243876  0.1756124 ]
[0.86542748 0.78739143 0.21260857]
[0.86325841 0.77390376 0.22609624]
[0.86257779 0.77010736 0.22989264]
[0.85964393 0.75534992 0.24465008]
[8.70286524e-01 9.99900014e-01 1.00012867e-04]
[0.87028662 0.87245208 0.12754792]
nan
nan
[0.86973407 0.83121184 0.16878816]
nan
[0.87028662 0.8999719  0.1000281 ]
[0.87028662 0.86048627 0.13951373]
[0.85886907 0.75179318 0.24820682]
[0.87028662 0.87206636 0.12793364]
[0.87028662 0.98778081 0.01221919]
[0.86522973 0.78605309 0.21394691]
nan
[0.87028662 0.87495396 0.12504604]
[0.87028662 0.86988733 0.13011267]
[0.87028662 0.96733206 0.03266794]
nan
[0.87028662 0.96741282 0.03258718]
[0.87028662 0.85936157 0.14063843]
[0.87028662 0.94991541 0.05008459]
[0.87028662 0.97882018 0.02117982]
[0.85884327 0.75167677 0.24832323]
[0.86920407 0.82232595 0.17767405]
[0.87028662 0.97301575 0.02698425]
[0.868345   0.81175621 0.18824379]
[0.87028662 0.89263044 0.10736956]
nan
[0.87028662 0.88596351 0.11403649]
nan
[0.86916114 0.82171459 0.17828541]
[0.86579797 0.78997306 0.21002694]
[0.87028662 0.8633733  0.1366267 ]
[0.86972187 0.83096793 0.16903207]
[0.87028662 0.9105221  0.0894779 ]
[0.85884205 0.75167126 0.24832874]
[0.85897148 0.75225648 0.24774352]
[0.85968014 0.75551915 0.24448085]
[0.85910445 0.75286106 0.24713894]
[0.86995628 0.83624998 0.16375002]
[0.8619227 0.7666043 0.2333957]
[0.85884658 0.75169171 0.24830829]
[0.86028423 0.75838392 0.24161608]
[0.85893374 0.75208553 0.24791447]
[0.85884474 0.75168342 0.24831658]
[0.85906788 0.75269445 0.24730555]
[0.87028662 0.88788392 0.11211608]
nan
[0.87028662 0.91076564 0.08923436]
nan
[0.85888433 0.75186209 0.24813791]
[0.87028662 0.97188197 0.02811803]
[0.87028662 0.98778081 0.01221919]
[8.70286619e-01 9.99900000e-01 9.99997266e-05]
[0.87028662 0.85910723 0.14089277]
[0.86947164 0.82644508 0.17355492]
[0.87028662 0.92644935 0.07355065]
[0.87028662 0.91326404 0.08673596]
[0.87028662 0.93067998 0.06932002]
[0.87028662 0.85869326 0.14130674]
[0.87007531 0.83968786 0.16031214]
[0.85950356 0.75469663 0.24530337]
[0.8589532  0.75217365 0.24782635]
[0.85918937 0.75324897 0.24675103]
[0.85954629 0.75489509 0.24510491]
[0.85913764 0.75301249 0.24698751]
[0.86483347 0.78344629 0.21655371]
[0.87009061 0.84019453 0.15980547]
[0.86183331 0.7661368  0.2338632 ]
[0.86917414 0.82189855 0.17810145]
[0.86043112 0.75909294 0.24090706]
[0.87028662 0.96039788 0.03960212]
[0.87027353 0.85000001 0.14999999]
[0.87028662 0.9506365  0.0493635 ]
nan
[0.86041662 0.75902274 0.24097726]
[0.87028662 0.93757753 0.06242247]
[0.87028662 0.9938404  0.0061596 ]
nan
[0.86030613 0.7584893  0.2415107 ]
[0.87028662 0.85802661 0.14197339]
