nan
[0.86107547 0.9103466  0.0896534 ]
[0.86653244 0.94026535 0.05973465]
[0.86044278 0.90754794 0.09245206]
[0.86121801 0.91099016 0.08900984]
[0.86787891 0.95077717 0.04922283]
[0.85503102 0.88653076 0.11346924]
[0.8581847  0.89822155 0.10177845]
[0.84411596 0.85323851 0.14676149]
[0.8678945  0.95091423 0.04908577]
[0.86655806 0.94044577 0.05955423]
[0.86430587 0.92642394 0.07357606]
[0.86390684 0.92423594 0.07576406]
[0.87011069 0.98164721 0.01835279]
[0.86401213 0.92480645 0.07519355]
[0.85222155 0.87708089 0.12291911]
[0.86009712 0.90605646 0.09394354]
[0.86374954 0.92339221 0.07660779]
[0.86687312 0.94271715 0.05728285]
[0.83972222 0.84180525 0.15819475]
[0.83831948 0.83832175 0.16167825]
[0.84226778 0.84832596 0.15167404]
[0.83855547 0.83890269 0.16109731]
[0.83900281 0.84000951 0.15999049]
[0.84356559 0.8517588  0.1482412 ]
[0.85914246 0.90206236 0.09793764]
[0.87011171 0.98168067 0.01831933]
[0.86125922 0.91117714 0.08882286]
[0.87028659 0.99295179 0.00704821]
[0.87004704 0.97973556 0.02026444]
[0.86858182 0.95747914 0.04252086]
[0.85464149 0.88517254 0.11482746]
[0.86385589 0.92396151 0.07603849]
[0.86595626 0.93635934 0.06364066]
[0.86559806 0.93406101 0.06593899]
[0.863418  0.9216463 0.0783537]
[0.85728451 0.89474578 0.10525422]
[0.83918364 0.84045903 0.15954097]
[0.85353639 0.88140686 0.11859314]
[0.83884728 0.83962384 0.16037616]
[0.86616103 0.93771597 0.06228403]
[0.85580755 0.88928985 0.11071015]
[0.84975185 0.86935011 0.13064989]
[0.84982174 0.86956248 0.13043752]
[0.84730164 0.86211343 0.13788657]
[8.70286619e-01 9.99900001e-01 1.00000000e-04]
[0.87003642 0.97944251 0.02055749]
[0.8686778  0.95849521 0.04150479]
nan
nan
[0.86783044 0.95035384 0.04964616]
[0.85340737 0.8809752  0.1190248 ]
[0.84638416 0.85950008 0.14049992]
[0.86378091 0.92355969 0.07644031]
[0.85320775 0.88031052 0.11968948]
[0.85160452 0.87510369 0.12489631]
[0.83839873 0.83851662 0.16148338]
[0.85958875 0.90390761 0.09609239]
[0.85788001 0.89703127 0.10296873]
[0.85702185 0.89375408 0.10624592]
[0.86114841 0.91067532 0.08932468]
[0.83871063 0.83928574 0.16071426]
[0.86756899 0.9481391  0.0518609 ]
[0.85494402 0.88622593 0.11377407]
[0.84688238 0.8609131  0.1390869 ]
[0.86105818 0.91026894 0.08973106]
[0.85705594 0.89388228 0.10611772]
[0.84914825 0.86753035 0.13246965]
[0.84265091 0.84933135 0.15066865]
[0.84192559 0.84743351 0.15256649]
[0.8702865  0.99281524 0.00718476]
[0.87028652 0.99283834 0.00716166]
[0.86652965 0.9402458  0.0597542 ]
[0.86651174 0.94012008 0.05987992]
[0.86651174 0.94012008 0.05987992]
[0.86081698 0.90919208 0.09080792]
[0.86594307 0.936273   0.063727  ]
[0.86715089 0.94480825 0.05519174]
[0.86706649 0.94416343 0.05583657]
[0.87028605 0.99245487 0.00754513]
[0.86346524 0.92189244 0.07810756]
[0.84874871 0.86633956 0.13366044]
[0.85019842 0.87071313 0.12928687]
[0.84929235 0.86796245 0.13203755]
[0.85241196 0.87769762 0.12230238]
[0.86227662 0.91593543 0.08406457]
[0.84291857 0.85003767 0.14996233]
[0.85458137 0.88496442 0.11503558]
[0.85046097 0.87152137 0.12847863]
[0.8599927  0.90561086 0.09438914]
[0.85013082 0.87050589 0.12949411]
[0.83842637 0.83858463 0.16141537]
[0.83840944 0.83854296 0.16145704]
[0.83841172 0.83854858 0.16145142]
[0.83841172 0.83854858 0.16145142]
[0.87028649 0.99280307 0.00719693]
[0.86397344 0.92459626 0.07540374]
[0.86396391 0.9245446  0.0754554 ]
[0.8639652  0.92455158 0.07544842]
[0.8639652  0.92455158 0.07544842]
[0.86783714 0.95041213 0.04958787]
[0.86137597 0.91170915 0.08829085]
[0.85743963 0.8953361  0.1046639 ]
[0.8677852  0.94996245 0.05003755]
[0.85586317 0.88949022 0.11050978]
[0.85987425 0.90510806 0.09489194]
[0.84033142 0.84334158 0.15665842]
[0.85565013 0.88872476 0.11127524]
[0.85559566 0.8885299  0.11147009]
[0.85892171 0.90116314 0.09883686]
[0.86333471 0.92121433 0.07878567]
[0.85163606 0.87520399 0.12479601]
[0.86057079 0.90810684 0.09189316]
[0.85754579 0.89574207 0.10425793]
[0.86510894 0.93105985 0.06894015]
[0.84406414 0.85309857 0.14690143]
[0.85112839 0.87359957 0.12640043]
[0.8509672  0.87309447 0.12690553]
[0.8509672  0.87309447 0.12690553]
[0.85104577 0.87334042 0.12665958]
nan
[0.86353572 0.92226131 0.07773869]
[0.86592891 0.93618055 0.06381945]
[0.86592891 0.93618055 0.06381945]
[0.86592891 0.93618055 0.06381945]
