nan
nan
nan
nan
nan
nan
nan
nan
nan
nan
nan
nan
nan
nan
nan
nan
nan
nan
nan
nan
[0.838317918300978, 0.838317918899644, 0.6999999892374833, 0.396240593294601, 0.3962405956106727, 0.0]
nan
nan
nan
nan
nan
nan
nan
nan
nan
nan
nan
nan
nan
nan
nan
nan
nan
nan
[0.8383179182941481, 0.8383179188943731, 0.6999999892396866, 0.3962405932801887, 0.3962405956157033, 0.0]
nan
[0.838317918278958, 0.8383179188413623, 0.6999999892375119, 0.39624059328984607, 0.39624059559705094, 0.0]
[0.8383179182982413, 0.8383179188946447, 0.6999999892374833, 0.3962405932917428, 0.39624059561875363, 0.0]
[0.8383179182992512, 0.8383179188964814, 0.6999999892374833, 0.39624059329280586, 0.3962405956164713, 0.0]
[0.8383179183040855, 0.8383179188979657, 0.6999999892374833, 0.396240593305277, 0.39624059561846786, 0.0]
nan
[0.8383179182647545, 0.8383179188493287, 0.6999999892374833, 0.39624059324075206, 0.39624059560029573, 0.0]
[0.8383179182698446, 0.8383179188175978, 0.6999999892374833, 0.39624059328751904, 0.39624059558737135, 0.0]
[0.8383179182981942, 0.8383179188841285, 0.6999999892374833, 0.3962405933022308, 0.3962405956144703, 0.0]
[0.8383179182750617, 0.838317918832148, 0.6999999892374833, 0.39624059328789624, 0.3962405955932979, 0.0]
nan
nan
nan
nan
nan
[0.8383179183015707, 0.8383179189000918, 0.6999999892374833, 0.39624059329586114, 0.39624059561025965, 0.0]
nan
nan
[0.838317918306592, 0.8383179188976447, 0.6999999892374184, 0.39624059331284467, 0.3962405956199756, 0.0]
nan
nan
nan
nan
[0.8383179183004474, 0.8383179188972805, 0.6999999892416117, 0.3962405932954558, 0.3962405956158969, 0.0]
[0.8383179182750916, 0.8383179188387159, 0.6999999892392982, 0.3962405932813464, 0.396240595595973, 0.0]
nan
[0.8383179183032519, 0.838317918905037, 0.6999999892374833, 0.39624059329572364, 0.39624059559999847, 0.0]
[0.8383179182974559, 0.8383179188895588, 0.6999999892374833, 0.39624059329461164, 0.39624059561668207, 0.0]
[0.8383179183013647, 0.8383179188977422, 0.6999999892374833, 0.3962405932976399, 0.3962405956158303, 0.0]
[0.838317918291633, 0.8383179188855215, 0.6999999892374833, 0.39624059328186256, 0.39624059561503766, 0.0]
nan
nan
[0.8383179183067128, 0.8383179188931238, 0.6999999892374833, 0.39624059331776085, 0.39624059561813413, 0.0]
[0.8383179182704038, 0.8383179188380647, 0.6999999892374833, 0.3962405932684574, 0.39624059559570785, 0.0]
[0.8383179183094083, 0.8383179188973582, 0.6999999892374833, 0.3962405933212724, 0.3962405956198589, 0.0]
nan
nan
nan
nan
nan
[0.8383179182841011, 0.8383179188398485, 0.6999999892285124, 0.3962405933062388, 0.3962405955964343, 0.0]
nan
nan
[0.8383179182828735, 0.8383179188368484, 0.6999999892245498, 0.39624059330572275, 0.3962405955952124, 0.0]
[0.8383179182780175, 0.8383179188457993, 0.6999999892383184, 0.3962405932826458, 0.39624059559885827, 0.0]
nan
nan
nan
[0.8383179182562629, 0.8383179188288944, 0.6999999892210829, 0.3962405932368563, 0.3962405955919726, 0.0]
[0.8383179183135332, 0.8383179188989388, 0.6999999892368122, 0.39624059333159695, 0.39624059562050273, 0.0]
nan
[0.8383179182664107, 0.8383179188375608, 0.6999999892374833, 0.39624059325742667, 0.39624059559550256, 0.0]
[0.8383179182943321, 0.838317918897872, 0.6999999892374833, 0.39624059327718464, 0.3962405956072643, 0.0]
[0.8383179183006445, 0.8383179188985771, 0.6999999892374833, 0.39624059329471484, 0.39624059561291997, 0.0]
[0.8383179182911292, 0.8383179188746693, 0.6999999892374833, 0.39624059329137046, 0.3962405956106174, 0.0]
nan
[0.8383179182994196, 0.8383179188997049, 0.6999999892374833, 0.3962405932900355, 0.3962405956086951, 0.0]
[0.8383179182738344, 0.8383179188437081, 0.6999999892374833, 0.39624059327267064, 0.39624059559800645, 0.0]
[0.8383179182768878, 0.8383179188440132, 0.6999999892374833, 0.3962405932811858, 0.39624059559813074, 0.0]
[0.8383179182800539, 0.8383179188386932, 0.6999999892374833, 0.39624059329571043, 0.3962405955959638, 0.0]
[0.8383179182742581, 0.8383179188366933, 0.6999999892399419, 0.3962405932809815, 0.3962405955951491, 0.0]
nan
[0.8383179183054432, 0.8383179188974544, 0.6999999892376743, 0.39624059330971695, 0.3962405956198981, 0.0]
nan
nan
[0.8383179182747257, 0.8383179188375038, 0.6999999892376967, 0.3962405932815139, 0.3962405955954794, 0.0]
nan
[0.8383179182987095, 0.8383179188978968, 0.6999999892370654, 0.39624059328981104, 0.3962405956123348, 0.0]
[0.8383179183009445, 0.8383179188975929, 0.6999999892374833, 0.3962405932965762, 0.39624059561570685, 0.0]
[0.838317918244584, 0.8383179188132306, 0.6999999892339441, 0.39624059321893085, 0.3962405955855925, 0.0]
nan
nan
nan
[0.8383179182739956, 0.8383179188489376, 0.6999999892450016, 0.39624059326785216, 0.3962405956001365, 0.0]
[0.8383179183064028, 0.8383179188978799, 0.6999999892374826, 0.3962405933120602, 0.3962405956200714, 0.0]
[0.8383179182843425, 0.8383179188431126, 0.699999989243068, 0.3962405933036395, 0.3962405955977639, 0.0]
[0.8383179182685649, 0.8383179188124377, 0.6999999892374833, 0.39624059328903355, 0.39624059558526953, 0.0]
[0.8383179183041318, 0.8383179188987734, 0.6999999892374833, 0.39624059330459516, 0.3962405956165241, 0.0]
[0.8383179182976859, 0.8383179188920181, 0.6999999892374833, 0.3962405932927912, 0.3962405956176838, 0.0]
[0.8383179182772242, 0.8383179188425794, 0.6999999892374833, 0.3962405932836067, 0.39624059559754676, 0.0]
[0.8383179182989907, 0.8383179188996845, 0.6999999892374833, 0.39624059328881656, 0.3962405956082428, 0.0]
[0.8383179182704014, 0.83831791883066, 0.6999999892374833, 0.39624059327593103, 0.39624059559269176, 0.0]
[0.8383179182660931, 0.8383179188396924, 0.6999999892374833, 0.3962405932543557, 0.39624059559637076, 0.0]
[0.8383179183033043, 0.838317918897181, 0.6999999892374833, 0.3962405933038123, 0.39624059561949226, 0.0]
[0.838317918312368, 0.8383179189046196, 0.6999999892374833, 0.3962405933224901, 0.3962405956117191, 0.0]
