nan
nan
nan
nan
nan
nan
nan
nan
nan
nan
nan
nan
nan
nan
nan
[0.8383179183137082, 0.8383179188987562, 0.69999998703849, 0.39624059333228673, 0.3962405956204283, 0.0]
nan
nan
nan
nan
nan
[0.8383179182726481, 0.8383179188390797, 0.699999987051249, 0.39624059327391803, 0.39624059559612124, 0.0]
[0.8383179183031506, 0.8383179188959657, 0.6999999870414815, 0.3962405933045959, 0.39624059561929176, 0.0]
nan
nan
nan
nan
nan
nan
[0.8383179182827815, 0.8383179188439018, 0.6999999870875139, 0.3962405932983305, 0.39624059559808533, 0.0]
nan
nan
nan
nan
nan
nan
nan
nan
nan
[0.838317918268864, 0.8383179188401815, 0.6999999870425998, 0.396240593261869, 0.39624059559657004, 0.0]
nan
[0.8383179182526954, 0.8383179188229708, 0.6999999870451902, 0.396240593232531, 0.3962405955895598, 0.0]
[0.838317918272876, 0.838317918840828, 0.6999999870414815, 0.39624059327281075, 0.39624059559683333, 0.0]
[0.8383179183060453, 0.83831791889348, 0.6999999870414815, 0.39624059331547246, 0.39624059561827923, 0.0]
[0.8383179183066103, 0.8383179188982229, 0.6999999870414815, 0.3962405933123134, 0.3962405956202112, 0.0]
nan
[0.8383179182715997, 0.8383179188315519, 0.6999999870414815, 0.3962405932784934, 0.3962405955930551, 0.0]
[0.838317918276229, 0.8383179188390527, 0.6999999870414815, 0.3962405932842935, 0.39624059559611025, 0.0]
[0.8383179182714202, 0.8383179188493242, 0.6999999870414815, 0.3962405932600192, 0.39624059560029395, 0.0]
[0.8383179182750617, 0.838317918832148, 0.6999999870414815, 0.39624059328789624, 0.3962405955932979, 0.0]
nan
nan
nan
[0.8383179183082815, 0.8383179188980917, 0.6999999870414815, 0.3962405933172759, 0.3962405956201577, 0.0]
[0.8383179182749163, 0.8383179188395733, 0.6999999870412412, 0.396240593279974, 0.3962405955963223, 0.0]
[0.8383179183094805, 0.8383179188979881, 0.6999999870418133, 0.39624059332084594, 0.3962405956201155, 0.0]
nan
nan
[0.8383179183001707, 0.83831791889681, 0.6999999870423582, 0.39624059329513095, 0.3962405956167364, 0.0]
nan
nan
nan
nan
nan
nan
[0.8383179182728656, 0.8383179188370727, 0.6999999870415197, 0.3962405932765741, 0.3962405955953038, 0.0]
[0.838317918275048, 0.8383179188356369, 0.6999999870414841, 0.3962405932843312, 0.3962405955947189, 0.0]
[0.8383179182990554, 0.8383179188948928, 0.6999999870414815, 0.3962405932938458, 0.3962405956188547, 0.0]
[0.8383179183106002, 0.83831791890227, 0.6999999870414815, 0.3962405933197548, 0.3962405956154577, 0.0]
[0.838317918291633, 0.8383179188855215, 0.6999999870414815, 0.39624059328186256, 0.39624059561503766, 0.0]
[0.8383179182894183, 0.8383179188972293, 0.6999999870414815, 0.3962405932636337, 0.39624059560309316, 0.0]
[0.8383179182764254, 0.8383179188391452, 0.6999999870403238, 0.396240593284767, 0.39624059559614794, 0.0]
[0.8383179182970849, 0.8383179188930877, 0.6999999870414815, 0.3962405932899739, 0.3962405956181195, 0.0]
[0.8383179182661438, 0.8383179188417033, 0.6999999870414815, 0.39624059325247063, 0.3962405955971898, 0.0]
[0.8383179182993089, 0.8383179188978761, 0.6999999870414815, 0.39624059329156325, 0.39624059561308894, 0.0]
nan
[0.8383179182966068, 0.8383179188917556, 0.6999999870417755, 0.39624059328993844, 0.3962405956175769, 0.0]
[0.8383179182584444, 0.8383179188335191, 0.6999999870384672, 0.3962405932384885, 0.3962405955938564, 0.0]
nan
[0.838317918299013, 0.838317918897092, 0.6999999870406038, 0.39624059329150013, 0.3962405956146809, 0.0]
nan
[0.8383179182928825, 0.8383179188982793, 0.6999999870424175, 0.39624059327258404, 0.396240595604558, 0.0]
nan
[0.8383179182885927, 0.8383179188948898, 0.6999999870414815, 0.39624059326361183, 0.3962405956079127, 0.0]
nan
nan
nan
nan
nan
[0.838317918275206, 0.8383179188373603, 0.6999999870414676, 0.3962405932830471, 0.3962405955954209, 0.0]
nan
[0.8383179182761495, 0.8383179188406357, 0.6999999870414815, 0.3962405932824647, 0.396240595596755, 0.0]
[0.8383179182943321, 0.838317918897872, 0.6999999870414815, 0.39624059327718464, 0.3962405956072643, 0.0]
[0.8383179183006445, 0.8383179188985771, 0.6999999870414815, 0.39624059329471484, 0.39624059561291997, 0.0]
[0.8383179182911292, 0.8383179188746693, 0.6999999870414815, 0.39624059329137046, 0.3962405956106174, 0.0]
[0.8383179183006069, 0.8383179188960874, 0.6999999870414815, 0.39624059329712147, 0.39624059561903535, 0.0]
[0.8383179182797867, 0.8383179188561736, 0.6999999870414815, 0.39624059327727823, 0.3962405956030838, 0.0]
[0.8383179182745044, 0.8383179188359781, 0.6999999870414815, 0.396240593282416, 0.39624059559485786, 0.0]
[0.8383179182639907, 0.838317918834749, 0.6999999870414815, 0.396240593253274, 0.3962405955943573, 0.0]
[0.8383179182733679, 0.8383179188397297, 0.6999999870414815, 0.3962405932753414, 0.396240595596386, 0.0]
nan
[0.8383179182748449, 0.8383179188385997, 0.6999999870402708, 0.39624059328075145, 0.3962405955959257, 0.0]
nan
nan
nan
nan
nan
nan
[0.8383179182476129, 0.838317918826837, 0.6999999870395063, 0.39624059321393745, 0.3962405955911346, 0.0]
[0.8383179182718078, 0.8383179188265352, 0.699999987039801, 0.39624059328416344, 0.39624059559101166, 0.0]
nan
nan
nan
[0.8383179182943481, 0.8383179188969927, 0.6999999870414815, 0.3962405932781201, 0.39624059560945857, 0.0]
nan
[0.8383179182842917, 0.838317918872342, 0.6999999870394894, 0.3962405932739617, 0.3962405956096694, 0.0]
[0.8383179182750171, 0.8383179188389077, 0.6999999870414815, 0.3962405932809376, 0.39624059559605124, 0.0]
[0.8383179182779157, 0.8383179188423837, 0.6999999870414815, 0.3962405932858029, 0.39624059559746705, 0.0]
[0.8383179182532094, 0.8383179187956004, 0.6999999870414815, 0.39624059326166866, 0.39624059557841146, 0.0]
[0.8383179182772242, 0.8383179188425794, 0.6999999870414815, 0.3962405932836067, 0.39624059559754676, 0.0]
[0.8383179182830423, 0.8383179188575404, 0.6999999870414815, 0.39624059328530536, 0.3962405956036405, 0.0]
[0.8383179182780489, 0.8383179188423138, 0.6999999870414815, 0.3962405932862586, 0.3962405955974385, 0.0]
[0.8383179182655707, 0.8383179188368479, 0.6999999870414815, 0.3962405932557193, 0.3962405955952122, 0.0]
[0.8383179183127432, 0.8383179188971028, 0.6999999870414815, 0.39624059333116834, 0.3962405956197549, 0.0]
[0.8383179182803969, 0.8383179188140799, 0.6999999870414815, 0.3962405933215686, 0.39624059558593844, 0.0]
