[0.8603226736384217, 0.7585689790459291, 0.24143102085452206, 0.40499003099312625, 0.24201989636576715, 0.10798010358173987]
[0.8702866185929169, 0.9075277134322742, 0.09247228645154466, 0.4088159870162398, 0.3186770771879545, 0.031322922760837736]
[0.869308320529957, 0.8238628010847148, 0.17613719877884576, 0.40844397190339427, 0.2783741263642295, 0.07162587356952674]
[0.8702866186103567, 0.8760494829639067, 0.12395051693692752, 0.40881598702379446, 0.3042706802943914, 0.0457293196603299]
nan
nan
[0.8701960779208749, 0.8444303131647772, 0.15556968677621458, 0.4087815869755474, 0.2888949344303608, 0.06110506554168745]
[0.8702866187102574, 0.9938404044513993, 0.00615959564660693, 0.4088159870629867, 0.0, -0.0]
[0.8702866186553405, 0.9784312264474663, 0.021568773499386754, 0.4088159870381528, 0.34816557242044477, 0.001834427557827812]
[0.8702866185864877, 0.9283860543360455, 0.07161394553353564, 0.4088159870326355, 0.3277599594868052, 0.022240040457003105]
nan
nan
[0.8696093777263183, 0.8288317983446953, 0.17116820155533552, 0.40855853666015396, 0.2809547403810694, 0.06904525957068479]
[0.8592239330344407, 0.7534072354206055, 0.24659276445973208, 0.40456306218517585, 0.2389423632127453, 0.11105763672372322]
[0.8702866186706165, 0.8684625105520614, 0.13153748939940843, 0.408815987069545, 0.3006665270712661, 0.049333472906381556]
[0.8702866186542775, 0.9225308833200008, 0.07746911662588048, 0.40881598703753513, 0.32524619205344685, 0.024753807923087772]
[0.8686460134345937, 0.8151287387175927, 0.18487126120481773, 0.40819167260765804, 0.2737768692549022, 0.07622313070702305]
nan
nan
[0.8668497978169176, 0.7979380997748368, 0.20206190015352976, 0.407505607282008, 0.2644951116219855, 0.08550488834210507]
[0.8678206508075188, 0.8064512908851911, 0.19354870902814875, 0.4078767516871485, 0.2691307941772982, 0.08086920577971837]
nan
[0.8588434361045676, 0.7516775316576129, 0.24832246829472987, 0.4044149575953326, 0.2379041146715749, 0.11209588530306445]
nan
[0.864922877333943, 0.7840261743691538, 0.21597382557685021, 0.4067666427443648, 0.25675077965617926, 0.09324922031627263]
nan
[0.8696999136682149, 0.8305353098113428, 0.16946469003893497, 0.40859297623468865, 0.2818336919736356, 0.06816630795425559]
nan
[0.8702866185986898, 0.8714394418550301, 0.1285605580350219, 0.4088159870172938, 0.30208698493872044, 0.04791301501081221]
nan
nan
[0.8663732578664897, 0.7941991581225913, 0.20580084184979303, 0.4073231382436556, 0.26243451964719716, 0.08756548033889418]
[0.868547980099636, 0.8139989754098177, 0.18600102454018871, 0.4081542967850325, 0.27317644011272163, 0.07682355986271146]
[0.8702084901479354, 0.8450688793897989, 0.1549311205102803, 0.40878630620649375, 0.2892148722647386, 0.0607851276879655]
[0.8702866186564638, 0.9034588719057212, 0.09654112803786694, 0.4088159870491413, 0.3168631861010312, 0.03313681387399284]
nan
[0.8690808361407472, 0.8206014349780515, 0.1793985648847923, 0.40835735460458905, 0.27666666887590996, 0.07333333105723357]
[0.8687118223074872, 0.8159060986749695, 0.1840939011860017, 0.40821675072623936, 0.2741892368597386, 0.07581076307210217]
[0.8589436167253812, 0.7521302325893418, 0.2478697673823575, 0.40445396803865746, 0.2381761857571595, 0.1118238142277895]
[0.8589471890077819, 0.7521464105737127, 0.24785358941489294, 0.40445535881679534, 0.23818590419746022, 0.11181409579648013]
[0.8693212746137411, 0.8240593597336233, 0.17594064017570762, 0.4084489031334689, 0.278476684942138, 0.07152331501385104]
[0.8654047552902748, 0.7872362952819665, 0.21276370466848638, 0.4069517375002137, 0.2585565892882848, 0.09144341068653994]
[0.864549599979284, 0.7816355788458742, 0.2183644210663375, 0.40662315298925666, 0.2553985634155919, 0.09460143653948277]
[0.8626679001498349, 0.7706003586796112, 0.22939964122095505, 0.4058979827449569, 0.2490736335077962, 0.10092636644059012]
[0.8590114080589812, 0.7524376632358836, 0.24756233673953854, 0.4044803577483277, 0.23836081301007017, 0.11163918697686404]
nan
[0.870286618593088, 0.8724520758878069, 0.1275479239914994, 0.4088159870275827, 0.30256831404883733, 0.04743168589582726]
[0.8642194719867284, 0.7795840661566182, 0.22041593373995735, 0.40649614136960344, 0.2542330713072465, 0.09576692863968703]
nan
[0.869530937528701, 0.827445779639684, 0.17255422033565662, 0.40852869213893905, 0.28023744136970047, 0.0697625586183788]
[0.8596596484792717, 0.7554233532044198, 0.24457664674755664, 0.4047324991147536, 0.2401481105198381, 0.10985188945473319]
nan
[0.8645182317098846, 0.7814382071190739, 0.21856179282831933, 0.40661108801812545, 0.25528663798696694, 0.09471336198610483]
[0.8702866186944698, 0.9343995296278421, 0.06560047035643275, 0.40881598705692274, 0.33031315001209516, 0.019686849981173184]
[0.8594625624356704, 0.7545066140912344, 0.2454933858765961, 0.4046558675867903, 0.23960044002800074, 0.11039955995494476]
[0.8668207758552684, 0.7977033475723837, 0.2022966523447406, 0.4074944997435067, 0.26436618072688817, 0.08563381923155465]
nan
nan
[0.870286618645338, 0.9675221674273748, 0.03247783252197137, 0.40881598700431404, 0.34387636815081724, 0.006123631828241037]
[0.8694150866762596, 0.8255239330803076, 0.17447606687308526, 0.4084846091617582, 0.2792396160163359, 0.07076038396108102]
[0.8702866186813121, 0.8630943178317967, 0.13690568213772558, 0.40881598705583416, 0.2980843535342027, 0.05191564645167239]
[0.8664724207225027, 0.7949578352664415, 0.20504216474664264, 0.40736112522075535, 0.06320277755927359, 0.0]
[0.8699478862296441, 0.8360332753205926, 0.16396672459912473, 0.40868726435024094, 0.28465057934713134, 0.06534942061445743]
nan
[0.8690486056099844, 0.820165075036941, 0.17983492489986885, 0.40834507915320034, 0.2764373886280326, 0.07356261134114915]
[0.8702866186276418, 0.9788201757684799, 0.021179824147351582, 0.40881598703577887, 0.34831692942412545, 0.0016830705414786077]
nan
[0.8628590340236935, 0.7716555096741257, 0.22834449028727005, 0.4059717769284542, 0.24968434480649804, 0.10031565517349074]
nan
[0.868371896518474, 0.8120465543456046, 0.18795344551219126, 0.4080871308555744, 0.272135656714204, 0.07786434321574877]
nan
nan
[0.8702866186818895, 0.8709286253358974, 0.129071374631718, 0.408815987062033, 0.30184382515373387, 0.048156174831392534]
nan
nan
nan
[0.8702866186921614, 0.9490554865590426, 0.05094451341868167, 0.4088159870662738, 0.3364171783222938, 0.013582821668317605]
[0.8702866186161505, 0.9158716011734532, 0.08412839873723386, 0.4088159870161897, 0.3223533722851859, 0.027646627675807358]
[0.8702866186110888, 0.9175446369713467, 0.0824553629288126, 0.4088159870274569, 0.32308356186125553, 0.02691643809521925]
[0.8588426220350085, 0.7516738714111042, 0.24832612847506425, 0.4044146349533277, 0.23790191390069992, 0.11209808603872509]
nan
[0.8596801428284827, 0.7555191461805923, 0.2444808537162397, 0.40474046707512595, 0.24020528172549627, 0.10979471821988278]
[0.8590985599405425, 0.7528341951509409, 0.24716580477587302, 0.40451427849703386, 0.238598786310662, 0.11140121365045234]
[0.85937067410614, 0.7540819161512446, 0.2459180837724798, 0.4046201380191667, 0.23934638776738182, 0.11065361219215805]
[0.8657902485581059, 0.78991815253867, 0.21008184739276384, 0.4070996635891732, 0.26005652194130885, 0.08994347802397049]
[0.8588477807916963, 0.751697136622881, 0.24830286332071738, 0.40441664347849676, 0.2379159021444872, 0.11208409782549966]
nan
[0.8589026770392157, 0.751944995859997, 0.24805500409937167, 0.40443803060162625, 0.2380648884443778, 0.11193511153400817]
[0.859555728350918, 0.7549389502723284, 0.24506104966040196, 0.4046921048769639, 0.23985884492678944, 0.11014115503756798]
[0.8600397479983575, 0.7572147569902934, 0.2427852429508324, 0.40488017693726525, 0.24121548634884504, 0.10878451362005456]
[0.8702735326472909, 0.8499998440498693, 0.15000015587089907, 0.40881100834064926, 0.2916720769670039, 0.05832792299571055]
[0.8702735308959867, 0.8499996416476212, 0.15000035825425204, 0.4088110072386609, 0.291671976588136, 0.058328023365686606]
[0.8702866186795797, 0.910976798175326, 0.08902320178890324, 0.4088159870637605, 0.32020376886563084, 0.02979623111866251]
nan
[0.8588441361145296, 0.7516806818427841, 0.24831931808664326, 0.40441523373761284, 0.2379060087488355, 0.11209399121360994]
[0.8702866186584229, 0.9718878667887484, 0.0281121331605952, 0.4088159870407329, 0.3456031256542331, 0.004396874324918194]
nan
nan
[0.8663195359867604, 0.7937920888214339, 0.20620791110798045, 0.40730255778283203, 0.2622092619343957, 0.08779073803003548]
[0.8699303865083514, 0.8355897986142649, 0.16441020125470385, 0.408680603836967, 0.2844244828724185, 0.06557551706485627]
[0.870286618656094, 0.9264493538694142, 0.07355064607772094, 0.40881598703957067, 0.3269315410674424, 0.02306845890973285]
[0.870286618686691, 0.9264130017279445, 0.07358699825073699, 0.40881598704874517, 0.32691596276075136, 0.023084037230043795]
[0.870286618623689, 0.9306799840366489, 0.06932001587513434, 0.4088159870345281, 0.3287373015985251, 0.021262698363559894]
[0.8702866186426672, 0.9581634001659304, 0.041836599743964996, 0.4088159870918862, 0.34012781451925633, 0.009872185443128066]
[0.8693256932342945, 0.8241268071520345, 0.17587319274403523, 0.40845056923390455, 0.2785118679508094, 0.0714881319987467]
[0.8598401067133973, 0.7562699453549923, 0.24373005454442082, 0.4048026275363148, 0.24065300332407302, 0.10934699662272528]
[0.8589567891703377, 0.7521898987001068, 0.24781010127710598, 0.40445909683680725, 0.23821202686685916, 0.11178797312102298]
[0.8591821565173051, 0.7532159433596041, 0.24678405657863797, 0.4045468086643368, 0.23882771328249952, 0.11117228668470346]
nan
[0.8594171333816754, 0.7542964167055759, 0.2457035832524128, 0.40463821141528233, 0.23947472732146236, 0.11052527265625918]
nan
nan
nan
nan
[0.8588422159116639, 0.7516720160600222, 0.24832798387884253, 0.4044144896672425, 0.23790079834069533, 0.11209920162677166]
[0.8702866186471384, 0.9603978767733522, 0.03960212315512856, 0.4088159870595723, 0.3410286767588821, 0.008971323211330526]
nan
[0.8702866186203158, 0.9498125615549389, 0.05018743839234381, 0.40881598693965293, 0.3367280021894864, 0.013271997788312423]
[0.8701352392634937, 0.8417968144459933, 0.1582031854563098, 0.40875847366847373, 0.2875712753700368, 0.06242872458354013]
[0.8588420460434912, 0.7516712505078057, 0.24832874938555516, 0.40441442338036576, 0.23790033803880017, 0.11209966190445209]
nan
[0.8702866187102574, 0.9938404101607109, 0.006159590534741403, 0.4088159870629867, 0.0, -0.0]
nan
[0.8588577532405527, 0.7517420999100338, 0.2482579000399177, 0.4044205398741524, 0.23794293458819415, 0.11205706538517518]
[0.8700050372924099, 0.8375679851578395, 0.16243201473217841, 0.4087089858804154, 0.285431508196673, 0.0645684917508025]
