[0.86901544 0.9481317  0.0518683 ]
[0.85932969 0.88040154 0.11959846]
[0.84829059 0.8372975  0.1627025 ]
[0.86842193 0.94074779 0.05925221]
[0.87004741 0.9679507  0.0320493 ]
[0.85669004 0.86865476 0.13134524]
[0.8604504  0.88580822 0.11419178]
[0.87028435 0.98168109 0.01831891]
[0.85725481 0.87106669 0.12893331]
nan
[0.84313483 0.82064067 0.17935933]
[0.86530689 0.91389586 0.08610414]
[0.85454094 0.85989709 0.14010291]
[0.85261546 0.8525342  0.1474658 ]
[0.86533511 0.9140923  0.0859077 ]
[0.86092218 0.88817486 0.11182514]
[0.84461821 0.82535726 0.17464274]
[0.8702084  0.97446075 0.02553925]
[0.84906862 0.83992412 0.16007588]
[0.84758815 0.83496405 0.16503595]
nan
[0.84291613 0.81994945 0.18005055]
[0.87028662 0.9938404  0.0061596 ]
[0.84538906 0.8278281  0.1721719 ]
[0.84823558 0.83711346 0.16288654]
[0.85958212 0.88159462 0.11840538]
[0.86117669 0.88947606 0.11052394]
nan
[0.87018057 0.97303065 0.02696935]
[0.86988487 0.96345364 0.03654636]
[0.84960893 0.84177553 0.15822447]
[0.86214565 0.89460268 0.10539732]
nan
[0.86849288 0.94156125 0.05843875]
[0.86679837 0.92517807 0.07482193]
[0.85839236 0.87608568 0.12391432]
[0.85624543 0.86679035 0.13320965]
[0.8448667  0.82615226 0.17384774]
[0.84776304 0.83554175 0.16445825]
[0.84293243 0.82000094 0.17999906]
[0.84337797 0.82141035 0.17858965]
[0.84543367 0.82797152 0.17202848]
[0.84349172 0.8217709  0.1782291 ]
[0.84784274 0.83580573 0.16419427]
[0.84294168 0.82003014 0.17996986]
nan
[0.86167499 0.89207685 0.10792315]
[0.84606002 0.82998997 0.17001003]
[0.86935077 0.95309825 0.04690175]
[0.86292114 0.89892795 0.10107205]
nan
[0.86664168 0.92389176 0.07610824]
[0.86398953 0.90527612 0.09472388]
[0.85751955 0.87221491 0.12778509]
nan
[0.85541166 0.86337026 0.13662974]
[0.85172405 0.84925787 0.15074213]
[0.86545322 0.91492028 0.08507972]
[0.84330478 0.82117851 0.17882149]
[0.84438692 0.82461856 0.17538144]
[0.84519966 0.82721974 0.17278026]
[0.85345178 0.85568175 0.14431825]
[0.8574054 0.8717184 0.1282816]
nan
[0.84469032 0.82558784 0.17441216]
nan
nan
nan
[0.84944991 0.84122825 0.15877175]
[0.84288492 0.81985089 0.18014911]
nan
[0.87028662 0.9938404  0.0061596 ]
nan
[0.84474842 0.82577368 0.17422632]
[0.84311537 0.8205791  0.1794209 ]
[0.84403309 0.82349087 0.17650913]
[0.87023733 0.9762539  0.0237461 ]
[0.86782382 0.93442845 0.06557155]
[0.85672543 0.86880444 0.13119556]
nan
[0.8445451  0.82512363 0.17487637]
[0.84750902 0.83470339 0.16529661]
nan
[0.85278696 0.85317365 0.14682635]
[0.85261645 0.8525379  0.1474621 ]
[0.84852452 0.83808249 0.16191751]
[0.84814668 0.83681657 0.16318343]
[0.84658037 0.83167387 0.16832613]
[0.85082146 0.84601709 0.15398291]
[0.85184642 0.84970304 0.15029696]
[0.87024975 0.97718755 0.02281245]
nan
[0.84583092 0.82925065 0.17074935]
[0.84290749 0.81992218 0.18007782]
[0.8429576  0.82008042 0.17991958]
nan
[8.70286619e-01 9.99900000e-01 9.99998643e-05]
[0.85458201 0.86005878 0.13994122]
[0.85885951 0.87821484 0.12178516]
[0.85837463 0.8760057  0.1239943 ]
[0.86820665 0.93837009 0.06162991]
[0.84321259 0.82088668 0.17911332]
[0.84410192 0.82371002 0.17628998]
[0.84368504 0.82238433 0.17761567]
[0.87028662 0.9938404  0.0061596 ]
[0.84291574 0.81994825 0.18005175]
nan
[0.84293513 0.82000946 0.17999054]
[0.84418408 0.82397176 0.17602824]
[0.84424968 0.82418082 0.17581918]
nan
[0.8455712  0.82841394 0.17158606]
[0.843142   0.82066335 0.17933665]
[0.84343581 0.82159364 0.17840636]
[0.84374659 0.8225798  0.1774202 ]
[0.86975045 0.96039781 0.03960219]
[0.85192781 0.84999994 0.15000006]
[0.84292974 0.81999245 0.18000755]
[0.84777462 0.83558009 0.16441991]
nan
[0.86802891 0.93649862 0.06350138]
[0.87028662 0.98778081 0.01221919]
[0.85916293 0.87962084 0.12037916]
[0.86081658 0.88764009 0.11235991]
[0.86063986 0.88675173 0.11324827]
