nan
[0.8422802509932984, 0.7554286892142817, 0.24457131071962235, 0.39784744890034, 0.35909250051219166, 0.018271171855839867]
nan
[0.8407849229364681, 0.751721180066941, 0.2482788198806642, 0.3972427054266765, 0.3572574467954267, 0.019450064046289038]
nan
[0.8677028944055046, 0.8514363638434443, 0.14856363610484297, 0.4078317790683127, 0.40150738439877837, -0.009728001768034344]
[0.8417571883350029, 0.754121636934933, 0.24587836300867252, 0.3976361465667475, 0.35844741870743807, 0.018685894992535923]
[0.8614148988092771, 0.8160493470066763, 0.18395065297478405, 0.4054134590157378, 0.38694141940285653, 5.082026678163284e-05]
[0.8424543776549772, 0.7558662897928017, 0.244133710175681, 0.397917752354204, 0.35930802512188764, 0.01813253766182346]
nan
[0.8600569669283582, 0.8103476611585237, 0.18965233882455734, 0.4048868686657171, 0.38448465192774656, 0.001683204628836507]
nan
[0.8481034190553581, 0.7708322416281037, 0.22916775833803407, 0.40018362964468124, 0.36654594790227646, 0.01345541336164309]
[0.8526713706430012, 0.7843090597805094, 0.21569094010273632, 0.4019954455470255, 0.3728492316140494, 0.009348280025731728]
[0.8575129176916889, 0.80058148387079, 0.19941851606047112, 0.40389613356159526, 0.38020187248830317, 0.004517230012641391]
[0.8470521013674303, 0.7679225421950864, 0.23207745770454924, 0.39976406978860834, 0.3651587138815959, 0.014355063887360506]
[0.843090009155745, 0.7574746136599938, 0.2425253862875549, 0.3981741194404269, 0.36009822173094885, 0.01762393629361997]
[0.8560803065922128, 0.7954965749910063, 0.2045034249040223, 0.40333580935080043, 0.37793382230308087, 0.006012078447880167]
[0.8437194911104422, 0.7590846549435897, 0.24091534497108674, 0.3984276524724171, 0.3608862408837967, 0.01711624369875821]
[0.8486406044962148, 0.7723440460910393, 0.2276559538905029, 0.40039763940401885, 0.36726298008442243, 0.012989802326432513]
[0.8511182484499321, 0.7795587092568164, 0.22044129065813312, 0.40138145480038706, 0.37065003803535895, 0.010784846709738083]
[0.8413675785327107, 0.7531552557730578, 0.2468447441876881, 0.3974785849797195, 0.3579691770447832, 0.018993144006535442]
nan
nan
nan
[0.8516707983140419, 0.7812269637440226, 0.21877303623076985, 0.401600131681894, 0.3714251360478284, 0.010278974964693797]
nan
nan
nan
nan
[0.8438758429950602, 0.7594872972892546, 0.24051270261212168, 0.3984905723798051, 0.36108283962203896, 0.01698950542727448]
[0.8562888467205435, 0.7962208443872705, 0.20377915559261384, 0.40341748165331737, 0.3782584919841642, 0.005798345544447599]
nan
[0.8450822970751118, 0.7626323186272975, 0.23736768132810537, 0.3989753401167119, 0.3626120192776336, 0.016002666226653615]
[0.8581624456083649, 0.802977601293992, 0.19702239858836976, 0.4041496024751296, 0.3812614983255166, 0.0038174238039262566]
[0.8417159141271972, 0.7540189735582299, 0.24598102637359603, 0.39761946153359484, 0.35839666509203627, 0.018718510513669327]
[0.8598703224274168, 0.8095936008661798, 0.19040639909138973, 0.404814371669307, 0.3841573552103961, 0.0019003070650028683]
nan
nan
[0.8466780962351317, 0.7669023968046587, 0.2330976031769776, 0.3996145740121495, 0.3646700919399344, 0.014671580987460953]
nan
[0.8702866186739546, 0.9504121214747477, 0.049587878497769404, 0.408815987028148, 0.4368293195226824, -0.0341657231499217]
[0.8513715524775032, 0.7803206068586764, 0.21967939311823326, 0.4014817331413058, 0.3710044019942983, 0.010553628794059489]
[0.8501835380461331, 0.7767877998071319, 0.22321220014215654, 0.40101093111921965, 0.36935594131074767, 0.011628376624203894]
[0.8447645697420767, 0.7617973750949463, 0.23820262484364105, 0.3988477983410616, 0.36220716184355395, 0.016264117086140593]
nan
[0.8702866186821878, 0.9857606061783002, 0.01423939383112711, 0.40881598698487603, 0.0, -0.0]
nan
[0.8565626953449716, 0.7971798814288148, 0.20282011849926576, 0.4035246768979518, 0.3786875704863087, 0.005515749446514475]
[0.8513842910667234, 0.7803590476222882, 0.21964095229093825, 0.40148677680676764, 0.3710222643865542, 0.010541971132278718]
[0.8614140636016834, 0.8160457314290538, 0.18395426851447993, 0.40541312585356004, 0.3869398715273669, 5.1850264822214965e-05]
nan
nan
nan
nan
nan
[0.8433370627643278, 0.758104437159537, 0.24189556280341382, 0.39827365342433874, 0.3604068418524726, 0.01742516201518769]
[0.861429188296018, 0.8161115346278358, 0.18388846531724376, 0.40541899129765163, 0.3869680407485528, 3.310515000748834e-05]
[0.8614232634922205, 0.8160857436467327, 0.18391425633891514, 0.40541669764861893, 0.38695700057060783, 4.0451891394469844e-05]
[0.8614259339506777, 0.8160973703726274, 0.18390262961297657, 0.4054177296830527, 0.38696197762733353, 3.713990312011767e-05]
[0.8583507021881641, 0.8036836535646928, 0.19631634637904355, 0.4042229941819201, 0.3815726274533295, 0.0036117739160632313]
[0.8496731233820578, 0.7753004718774527, 0.22469952801867285, 0.40080827574759303, 0.36865784998263207, 0.012082857979089196]
nan
[0.8458919659212494, 0.7647825299132245, 0.23521747006939617, 0.3992999428085605, 0.3636509640386165, 0.015331135791923986]
[0.8467425759040573, 0.7670777303524062, 0.23292226959568763, 0.39964035539469817, 0.36475415561745994, 0.014617140148554003]
[0.8613998801585552, 0.8159840448560538, 0.184015955078211, 0.4054076410640274, 0.386913460760842, 6.942463617771923e-05]
nan
[0.858872714115196, 0.8056702098588737, 0.19432979011487087, 0.40442635234553426, 0.3824453380376895, 0.0030345142798861515]
nan
[0.8587348674703261, 0.8051414099115056, 0.19485859004146935, 0.4043726755708025, 0.38221341801087844, 0.003187979020885738]
[0.8696749637895671, 0.8726454546007264, 0.1273545453743409, 0.4085834865861791, 0.4097097661677548, -0.015310881127717904]
nan
nan
[0.8700298283464428, 0.8797151519538728, 0.1202848481593324, 0.4087184141032005, 0.038267087558881044, -0.0]
nan
[0.8696749636447587, 0.8726454556138644, 0.12735454470557622, 0.4085834859781229, 0.058872935797037215, -0.0]
nan
nan
[0.8629751044580493, 0.8231575757936405, 0.17684242417602186, 0.40601657499273736, 0.38996028456535753, -0.001961730242073878]
[0.8602279103882748, 0.8110441838258494, 0.1889558161225012, 0.4049532463390857, 0.3847864772855665, 0.0014829212108089097]
[0.8549135259349924, 0.7915354357587244, 0.2084645641439904, 0.40287816312108937, 0.3761485440861902, 0.007185831118878135]
[0.8569039325830535, 0.7983879656437369, 0.2016120343332508, 0.40365814255084104, 0.3792267306412021, 0.005160442608158804]
[0.8452224487826404, 0.7630021794532339, 0.2369978204364893, 0.3990315701626061, 0.3627911061775622, 0.015886973057508722]
[0.8452631619963096, 0.7631098065642353, 0.2368901933820155, 0.39904789760003245, 0.3628431898665122, 0.015853321362988605]
[0.8452631611527708, 0.7631098042719477, 0.23689019570874623, 0.39904789726614237, 0.36284318875735316, 0.015853322093189296]
[0.8591163500265281, 0.8066124663433735, 0.19338753358816194, 0.40452119119465657, 0.3828578987942072, 0.0027614098729400413]
[0.8502634127240207, 0.7770221634862856, 0.22297783645383218, 0.4010426234661195, 0.36946572073800693, 0.011556871078177492]
nan
[0.8508480134583253, 0.7787511435541773, 0.22124885635652958, 0.40127441054003293, 0.3702737452339562, 0.01103026315222456]
[0.8470158536375899, 0.7678233378674753, 0.2321766620625969, 0.39974958503808394, 0.36511124926732474, 0.014385818614578766]
[0.8613623734508997, 0.815821187526646, 0.18417881241973055, 0.4053931166392053, 0.38684371660663686, 0.0001158314081395433]
nan
[0.8544975898714146, 0.7901585292025909, 0.2098414707406587, 0.40271473886431697, 0.37552414424179337, 0.007595746870044084]
[0.8545262097373932, 0.7902527251307347, 0.2097472748059661, 0.402725977202351, 0.3755669235516455, 0.007567672413268337]
[0.8545262093500788, 0.7902527238561182, 0.2097472760662402, 0.40272597707419716, 0.37556692297283834, 0.007567672787682925]
nan
[0.8702866187025394, 0.9928303030405948, 0.007169696953855203, 0.40881598705487515, 0.44991768878438915, -0.043485837463353376]
[0.8685111439907417, 0.8585060606065065, 0.1414939393939394, 0.4081402466118642, 0.09951261353130259, -0.0]
nan
nan
nan
[0.8702866187102574, 0.964551518178895, 0.03544848190095241, 0.4088159870629867, 0.0, -0.0]
nan
nan
[0.8519887554116102, 0.7821976434541075, 0.21780235652664207, 0.4017258331028737, 0.37187474494105394, 0.009985315391893913]
[0.8476681697595811, 0.769619911723968, 0.23038008823561465, 0.4000100517421888, 0.3659691094156101, 0.013829691294898196]
[0.8432234035261538, 0.7578143411454462, 0.24218565875418158, 0.3982278771823738, 0.3602647491653196, 0.01751668961189037]
nan
[0.8514694990184092, 0.7806165295575112, 0.21938347032925185, 0.4015204806840493, 0.3711418680790257, 0.010463906899211216]
[0.8597172292849776, 0.8089800087178092, 0.1910199911633356, 0.40475487409533534, 0.38389061408121045, 0.00207717782842015]
[0.8505523736254389, 0.7778737395882959, 0.22212626037418626, 0.4011572303366701, 0.3698641056905498, 0.011297299691339096]
[0.8583402293232762, 0.8036442268906321, 0.19635577309003174, 0.4042189167079706, 0.38155526691229563, 0.003623250941145456]
nan
[0.8532492107084081, 0.7861271373370208, 0.21387286266057973, 0.4022233401753341, 0.3736845109876456, 0.008801641878145408]
[0.8532492097612192, 0.7861271344607866, 0.2138728654670143, 0.402223339820595, 0.37368450966900313, 0.0088016427149185]
[0.8613464438711812, 0.8157521195625974, 0.18424788037468004, 0.40538694852997176, 0.3868141302883807, 0.0001355165318293592]
[0.8613337938317397, 0.8156973186912814, 0.18430268128551067, 0.4053820474265205, 0.3867906522124976, 0.00015113707751848664]
[0.8582361568052367, 0.8032534272129613, 0.19674657273012625, 0.4041783349710379, 0.38138310356170646, 0.003737054561593086]
[0.8582222381297947, 0.8032012836233228, 0.19679871627630557, 0.40417290839821685, 0.3813601205392595, 0.0037522450061911704]
nan
nan
nan
[0.8702330761342258, 0.8867848500923012, 0.11321514989963435, 0.408795641105448, 0.4149737798799814, -0.018922933711077464]
[0.8702330761965816, 0.8867848508392722, 0.11321514913398827, 0.4087956412907923, 0.4149737801539112, -0.01892293390595505]
nan
