nan
[0.8081067134250093, 0.7211080416738306, 0.2788919582888767, 0.3835103324998921, 0.2189670307948023, 0.0004848606533176781]
[0.8702866187065768, 0.9938404041102054, 0.006159595877695481, 0.40881598708188116, 0.35408103543021685, -0.0785156077966813]
[0.8044283603061685, 0.7117038010901899, 0.2882961988632097, 0.381900245598582, 0.21291339780124596, 0.0022124044823540433]
nan
[0.8054988625052426, 0.7144243311684869, 0.28557566879472124, 0.38237021946548644, 0.2146758186254446, 0.0017282134722253106]
nan
nan
nan
nan
[0.8031201744360471, 0.708396939920806, 0.2916030600312293, 0.3813243646005715, 0.210758836477285, 0.002784238038323696]
[0.8031336936024855, 0.7084310152880442, 0.2915689846721537, 0.38133032507110526, 0.21078110698020391, 0.002778438190114683]
[0.8514899404702235, 0.8484101036259069, 0.1515898964317242, 0.40152857611512377, 0.15332251636097421, -0.0]
[0.8030614759433752, 0.7082490116341769, 0.29175098828062124, 0.38129848367665553, 0.21066213891245833, 0.0028093941729016567]
nan
[0.8030834349984445, 0.70830434672518, 0.2916956532521911, 0.3813081662685203, 0.21069831345139622, 0.0027999883355229837]
[0.8081820709630871, 0.7213023897276626, 0.27869761016539707, 0.3835431760380038, 0.21909099077241045, 0.0004475443375126813]
nan
[0.8036206428655969, 0.709659759327596, 0.2903402406046784, 0.3815448810371573, 0.21158321254776535, 0.0025680141582675197]
[0.8073983950094318, 0.7192846560778287, 0.2807153438868917, 0.38320133540423124, 0.21780177922551658, 0.0008317405688503696]
nan
[0.8075068235637286, 0.7195633852293342, 0.28043661473215165, 0.3832486687421936, 0.21798016730413916, 0.0007790914999199816]
[0.8702866188847319, 0.9938404040667319, 0.0061595959595959595, 0.4088159875485091, 0.0, -0.0]
nan
[0.8051227329115004, 0.7134669571635107, 0.28653304281453684, 0.382205212725632, 0.21405665045575295, 0.0019000308089134929]
[0.8696041339944277, 0.9574828282929314, 0.04251717171717172, 0.40855653606167286, 0.03314772607946897, -0.0]
nan
[0.8030883404446052, 0.708316708111886, 0.29168329183477765, 0.38131032981162016, 0.21070639401658053, 0.002797886451378759]
nan
nan
[0.8602393521054155, 0.884767680448855, 0.1152323200535107, 0.40495768694713785, 0.11840948141292168, -0.0]
nan
[0.8032339648730681, 0.7086838271470266, 0.291316172777948, 0.38137451814106493, 0.21094629135166376, 0.0027353479980132015]
nan
nan
nan
nan
[0.8031900367864443, 0.7085730531513135, 0.29142694682746806, 0.38135516293486116, 0.21087392262687077, 0.002754241758409858]
[0.8625599839421826, 0.8968868690894716, 0.10311313092049236, 0.40585630218711033, 0.10544480195063868, -0.0]
[0.8282042171846729, 0.7756949495663572, 0.2243050503937131, 0.39207452491147127, 0.2520106782939067, -0.012837242085954005]
nan
[0.8442468180182996, 0.8241717171796836, 0.1758282828282828, 0.3986397613818928, 0.17276307997415463, -0.0]
[0.8173154079481568, 0.7453969697428232, 0.2546030302261606, 0.38748265902385287, 0.23410462802892051, -0.004713239361846211]
nan
nan
nan
nan
nan
[0.8682926150695591, 0.9393040404044166, 0.060695959595959595, 0.4080568989229063, 0.05590998834563622, -0.0]
nan
[0.8702866187137095, 0.9999000000581145, 9.999994056800783e-05, 0.4088159870757666, 0.3563625566614899, -0.07997599841439638]
nan
nan
[0.8030978829965811, 0.7083407590760772, 0.29165924084647316, 0.38131453549401684, 0.21072211544732444, 0.0027937961888257904]
[0.8032586063776014, 0.7087459724545728, 0.29125402746484247, 0.3813853769407875, 0.21098688427426904, 0.0027247395462641835]
[0.8497753643026402, 0.8423505051132029, 0.1576494948318197, 0.4008488918671528, 0.28785013718283103, -0.037885112634537685]
nan
[0.8081435096499168, 0.721202930231758, 0.2787970696673353, 0.3835263707927752, 0.21902755882627722, 0.0004666496094343795]
[0.8195464942647658, 0.7514565657035971, 0.24854343434343432, 0.3884326869674513, 0.2072493947835793, -0.0]
[0.8033265773957412, 0.7089174148936898, 0.29108258501919265, 0.3814153380338945, 0.21109884462089035, 0.0026954405693326183]
[0.8479888712381091, 0.8362909101109876, 0.16370909011692544, 0.40013796170586713, 0.16347299626852735, -0.0]
nan
[0.8054911135184305, 0.7144045906885726, 0.285595409270882, 0.3823668216126912, 0.21466306314607553, 0.0017317719600271676]
[0.8034543629843741, 0.7092398837214308, 0.2907601162763576, 0.38147163843055604, 0.21130933412037067, 0.0026401997663655376]
nan
[0.8036336896250416, 0.7096927167288559, 0.29030728326822286, 0.38155062681476065, 0.21160470092940753, 0.00256233570606172]
nan
[0.8576188260128115, 0.872648498074671, 0.12735150232777612, 0.40393747842155925, 0.13074424294530446, -0.0]
[0.8031758813750716, 0.7085373722244132, 0.29146262770405945, 0.3813489171595505, 0.21085060902071406, 0.002760323169605185]
[0.8048657539082954, 0.7128137873052975, 0.2871862126786141, 0.3820924059080767, 0.21363357391780136, 0.0020163625042971586]
nan
nan
nan
nan
nan
nan
nan
[0.8035100105482212, 0.7093803616858854, 0.290619638300306, 0.38149615622116495, 0.21140099001181345, 0.00261608118021927]
nan
[0.8035147994266749, 0.7093924576994148, 0.29060754222109847, 0.3814982618380144, 0.211408881004571, 0.0026140028548874853]
[0.8239287195429084, 0.7635757575774996, 0.23642424235245338, 0.3902848893284601, 0.24497548127167912, -0.009355548975958432]
[0.8068402201143566, 0.7178520317347105, 0.2821479682573047, 0.3829574804984731, 0.21688338949870356, 0.0011002173560343477]
[0.8030723449304145, 0.7082764065515896, 0.2917235934256749, 0.38130327090020855, 0.21068004842880328, 0.0028047382110015584]
[0.8030809735064052, 0.7082981456086823, 0.2917018543409239, 0.38130707939529207, 0.210694259747085, 0.00280104263727876]
[0.8030816203790458, 0.7082997729379688, 0.29170022698647347, 0.3813073669197748, 0.2106953235458877, 0.002800765967565066]
nan
[0.8625599845000496, 0.8968868722194245, 0.10311312803028884, 0.4058563023964472, 0.1054447985247714, -0.0]
[0.8033064178140364, 0.7088665656762555, 0.291133434303604, 0.38140644866415724, 0.21106564137347772, 0.0027041356174161697]
[0.8033112444814039, 0.7088787311066076, 0.2911212688082867, 0.38140858408113737, 0.21107358538158072, 0.0027020557758299793]
[0.8033112427053782, 0.7088787265122934, 0.29112127347780914, 0.38140858330062427, 0.21107358238153484, 0.0027020565829667096]
nan
[0.851489939887058, 0.8484101011236879, 0.1515898987908877, 0.40152857630338806, 0.29088244525243123, -0.03967192465813332]
nan
nan
nan
[0.8654738060236845, 0.9150656566381705, 0.08493434333868022, 0.40697823070831995, 0.32200079809341975, -0.05841294881638882]
[0.8702866187102574, 0.9999000001817409, 9.999986159517374e-05, 0.4088159870629867, 0.0, -0.0]
[0.8531320658580472, 0.8544696970972279, 0.14553030293121186, 0.40217716327582154, 0.14795427496650465, -0.0]
nan
nan
[0.8654738065145152, 0.9150656604726135, 0.08493433944101667, 0.40697823090261637, 0.3220007997721378, -0.05841294987504664]
nan
nan
[0.8260798221072807, 0.7696353767618798, 0.23036462672508512, 0.3911874336551448, 0.2020356491960933, -0.0]
[0.8173154080012315, 0.7453969698994635, 0.2546030300453047, 0.38748265906808355, 0.2341046281242628, -0.004713239407998387]
[0.8514899398524487, 0.8484101010189111, 0.15158989898989897, 0.4015285761262246, 0.15332251867656777, -0.0]
nan
nan
[0.8173154078965329, 0.7453969697968611, 0.2546030301519833, 0.38748265887419336, 0.23410462806181176, -0.004713239381104924]
nan
[0.8173154079759288, 0.7453969697770813, 0.254603030177901, 0.387482659086857, 0.23410462804977228, -0.004713239375464354]
[0.8531320657795687, 0.8544696970227731, 0.14553030289241228, 0.4021771632522716, 0.2938792540920379, -0.04144465316248216]
[0.8078905991044395, 0.7205510672363478, 0.27944893274962934, 0.38341610738811244, 0.21861152282088492, 0.0005914365232768899]
nan
[0.8083312067540912, 0.7216872253807092, 0.2783127745783912, 0.3836081509664695, 0.21933631215967286, 0.0003734569392180799]
[0.8497753643739892, 0.8423505053709903, 0.15764949462646258, 0.4008488917973133, 0.2878501373125936, -0.0378851126859555]
nan
nan
nan
nan
nan
[0.8702866187091954, 0.9877808080827059, 0.012219191919191918, 0.408815987060032, 0.0, -0.0]
nan
[0.8576188230583739, 0.8726484850273132, 0.12735151501733288, 0.40393747733440616, 0.13074425587765545, -0.0]
[0.8576188230143234, 0.8726484849165167, 0.12735151507551204, 0.40393747728648083, 0.3026615633034953, -0.046678975032349454]
