nan
[0.8702866187102574, 0.9999000000146915, 9.999989641080537e-05, 0.4088159872770674, 0.3563625566452295, -0.07997599843900909]
[0.8210240525644159, 0.629956685902113, 0.37004331408188973, 0.3890592391448719, 0.15567416721529925, 0.01854908581740217]
[0.8196214876719685, 0.6260268310066958, 0.3739731689412233, 0.38846454612497244, 0.15271828086010864, 0.018969694650821593]
[0.8476484179166597, 0.7092821469832865, 0.2907178529287984, 0.40000217062577165, 0.21133691166614454, 0.00405848337800072]
nan
nan
nan
[0.8237285765767003, 0.6375881726531991, 0.36241182728682, 0.39020070104690274, 0.16136324600719965, 0.017662514985111018]
[0.8181384687899976, 0.6218909069907239, 0.37810909298540235, 0.38783368744962576, 0.14958848630512578, 0.019386795759911948]
[0.8240186173281697, 0.638411005739572, 0.3615889941659951, 0.39032270310581024, 0.16197256714391073, 0.017561286118794303]
nan
[0.8247523004558869, 0.6404964201604983, 0.35950357974890373, 0.3906309502020894, 0.16351325559753183, 0.017299710764592142]
nan
[0.8215797481364403, 0.631518826340213, 0.3684811736213524, 0.3892943339648674, 0.15684422279855503, 0.018375188043905546]
[0.8326531099994466, 0.6633481923209976, 0.33665180758134466, 0.3939186809480339, 0.18005165213249552, 0.013938140127330712]
nan
nan
nan
[0.818982057877563, 0.6242411754278501, 0.3757588245004181, 0.38819280015249963, 0.15136937427737973, 0.01915295373754982]
[0.8355052571531957, 0.6717951574374011, 0.3282048424803434, 0.3950913785737686, 0.18600230989370115, 0.012451221143935008]
nan
nan
nan
[0.834145843717577, 0.667754915118926, 0.3322450848429875, 0.3945333642403272, 0.1831671324621118, 0.013179692567529537]
nan
nan
[0.8374394365554915, 0.6775899789699675, 0.3224100210062943, 0.3958824275151039, 0.1900332181665021, 0.011349734530678864]
nan
[0.826546966457931, 0.6456221990062275, 0.35437780095135174, 0.39138287117361453, 0.16727808191062377, 0.01662572486335613]
[0.8702866187102574, 0.8605292929366267, 0.13947070707070705, 0.4088159870629867, 0.0, -0.0]
nan
nan
[0.8200366845806726, 0.6271882845207872, 0.37281171538545294, 0.38864078089760473, 0.1535937178682829, 0.018847875573228784]
nan
nan
nan
[0.8230374585652018, 0.6356310200961715, 0.36436897983854444, 0.3899096706300951, 0.1599107332642563, 0.017898834473755794]
[0.8702866185890471, 0.9756616166237176, 0.024338383331186823, 0.4088159868342848, 0.3470846938363638, -0.07406285826027638]
nan
[0.8493494857168741, 0.714958132415768, 0.28504186750863486, 0.4006796688906737, 0.21502055697264866, 0.002509946150920099]
nan
[0.8215456695073006, 0.6314229286763196, 0.368577071243955, 0.3892799344917305, 0.1567724759752107, 0.018385974692278668]
nan
[0.8515967862992804, 0.722791260140599, 0.277208739796093, 0.40157085096811873, 0.22003909739403127, 0.0002445343884450317]
nan
[0.8701493212284429, 0.8423505051369569, 0.15764949481511414, 0.40876382479540424, 0.2878501371947881, -0.037885112638222716]
nan
nan
nan
nan
[0.8587943875967644, 0.7514565658099106, 0.24854343414502172, 0.4043958625365577, 0.23777122788855343, -0.009362985123150619]
nan
nan
nan
nan
[0.8601030493252892, 0.7575161617624578, 0.2424838381947388, 0.4049047663897328, 0.24139470569995458, -0.011372394399106343]
[0.8624910303998188, 0.7696353559550594, 0.23036464399377124, 0.405829665016854, 0.24851399098754356, -0.015331248676626753]
[0.8252797096886525, 0.6419990754752151, 0.35800092448558063, 0.39085223765039206, 0.16462019790200022, 0.0171067332783782]
[0.8176446959153726, 0.6205180801078669, 0.3794819198188192, 0.3876231696151845, 0.14854539316529392, 0.019519558592199362]
[0.8559517430458412, 0.7393373739773802, 0.26066262595752826, 0.40328543983599996, 0.23039450386264027, -0.005043696218570846]
nan
[0.8624910299231576, 0.7696353535826843, 0.2303646463920315, 0.40582966468635245, 0.24851398961040827, -0.01533124789375645]
[0.8587943878061577, 0.7514565670629771, 0.24854343290356867, 0.4043958624284512, 0.2377712286422985, -0.009362985580690267]
[0.8258682637053735, 0.6436795367244101, 0.3563204631888912, 0.39109887125444054, 0.16585492518137346, 0.016886412699800527]
nan
[0.8702866185899578, 0.9999000001078722, 9.99998008896151e-05, 0.40881598694793864, 0.3563625566801226, -0.07997599846231172]
nan
[0.8702585217955361, 0.8484101010167924, 0.15158989898989897, 0.40880531375894885, 0.005866010628971392, -0.0]
[0.8502830024926346, 0.7181626131715025, 0.2818373868048337, 0.4010503848359637, 0.21708270271906793, 0.0016013283229258195]
nan
nan
nan
nan
[0.863568894426731, 0.7756949495097164, 0.22430505050505048, 0.4062455646914223, 0.08077947450224476, -0.0]
[0.8574103320573783, 0.7453969705572501, 0.2546030294189666, 0.4038560603604001, 0.23410462852463787, -0.007155446444137388]
nan
[0.8302930450462199, 0.656441788294078, 0.34355821159707933, 0.3929426549985761, 0.17512060521113793, 0.015053057015952756]
[0.8243654410277813, 0.6393960988468704, 0.36060390105396595, 0.39046848085566016, 0.16270098997502358, 0.01743862490132226]
[0.8242261828856695, 0.6390004175900066, 0.3609995823941007, 0.3904099527762258, 0.16240854344678068, 0.017488086956829414]
nan
[0.8428580889201138, 0.694135580698311, 0.30586441922427166, 0.39808061418689733, 0.20131154260555506, 0.007820428008329397]
[0.8187014797008954, 0.6234588023205089, 0.3765411976561014, 0.38807342270804773, 0.15077722746361155, 0.019231720499974608]
[0.8240359078480195, 0.6384600990569993, 0.3615399008986352, 0.3903299633494918, 0.1620088962133467, 0.017555210899718288]
[0.8238262174524706, 0.6378650829341881, 0.36213491704509376, 0.39024177681481714, 0.16156839190032501, 0.017628572477176918]
[0.8447408567871659, 0.7000000162767004, 0.2999999836917655, 0.3988382602551625, 0.20522699956256152, 0.00642637864881412]
nan
nan
[0.8243139427616709, 0.6392497406987424, 0.3607502592293038, 0.3904468465382277, 0.16259283886826303, 0.017456950818391697]
[0.8241639663656783, 0.6388236914911939, 0.3611763084201183, 0.3903838090424254, 0.16227786585736836, 0.017510095010536533]
nan
[0.8702585215883766, 0.8484101014710019, 0.15158989850208768, 0.40880531404840226, 0.2908824454252101, -0.0396719247325551]
nan
[0.8494959864674176, 0.7154566301761494, 0.2845433697537488, 0.4007378984020705, 0.2153421790489547, 0.0023702379391547716]
nan
nan
nan
nan
nan
nan
[0.8702866187102574, 0.9938404040426657, 0.0061595959595959595, 0.4088159870629867, 0.0, -0.0]
[0.8702866186487634, 0.9211252528515869, 0.07887474708083428, 0.4088159870546044, 0.3246385954718515, -0.060035696621405656]
nan
[0.8428352709445206, 0.6940648897311203, 0.305935110171042, 0.398071411386609, 0.20126408344821367, 0.00783676301062615]
nan
[0.8699578432572478, 0.8362909092674762, 0.16370909069905448, 0.4086910365924991, 0.2847818383308013, -0.036084161124420575]
nan
[0.8702866187007479, 0.8605292931525006, 0.13947070683794488, 0.40881598705953304, 0.2968410531260325, -0.04320335956102746]
[0.8267953831852772, 0.6463345515029323, 0.35366544844591424, 0.39148671116703265, 0.16779879877317905, 0.016528510487796026]
[0.8365955330486663, 0.6750548204694694, 0.32494517949240564, 0.3955376893480999, 0.18827490446159378, 0.011839938834416317]
[0.8513870319390578, 0.7220424215141137, 0.2779575784391627, 0.4014878614620147, 0.2195625785704164, 0.0004676195221472468]
[0.8505995317748715, 0.7192646515177402, 0.28073534844891657, 0.40117592698387855, 0.21778897254363982, 0.0012830625056883629]
nan
[0.8163726619913819, 0.6169907629157231, 0.3830092370164965, 0.3870797826537792, 0.14585576423107327, 0.019847926513194863]
[0.836942474803007, 0.6760957580199853, 0.3239042419335039, 0.3956795026542454, 0.18899784002822417, 0.011640237984206787]
[0.8702866186647256, 0.8726484850776993, 0.1273515150121096, 0.40881598693628224, 0.0, -0.0]
nan
nan
[0.8201685802599055, 0.6275575627018304, 0.3724424372520527, 0.3886967398453954, 0.15387173679934785, 0.018808708389006626]
nan
nan
[0.8702866187102574, 0.9938404101607109, 0.006159590534741403, 0.4088159870629867, 0.0, -0.0]
nan
nan
nan
