nan
nan
nan
nan
nan
nan
nan
nan
nan
nan
nan
nan
nan
nan
nan
nan
nan
[0.8406971506965187, 0.7515062836581728, 0.6999999870414815, 0.3972071458057862, 0.3571505837188582, 0.0]
nan
nan
nan
nan
[0.8406971507001155, 0.7515062836660829, 0.6999999870414815, 0.397207145808143, 0.3571505837227927, 0.0]
nan
nan
nan
nan
nan
nan
nan
nan
nan
nan
nan
nan
nan
nan
nan
nan
nan
nan
nan
[0.8406971506978375, 0.7515062836661622, 0.6999999870414815, 0.39720714580149963, 0.3571505837228322, 0.0]
nan
nan
nan
nan
[0.840697150698848, 0.7515062836645703, 0.6999999870414815, 0.3972071458060226, 0.35715058372204034, 0.0]
nan
nan
nan
nan
nan
nan
nan
nan
nan
nan
nan
[0.8406971506993614, 0.7515062836678941, 0.6999999870414815, 0.3972071458041382, 0.3571505837236936, 0.0]
nan
nan
nan
nan
nan
nan
nan
[0.8406971506996371, 0.751506283665779, 0.6999999870414815, 0.3972071458070747, 0.3571505837226415, 0.0]
[0.8406971506965782, 0.7515062836605191, 0.6999999870414815, 0.397207145803583, 0.3571505837200252, 0.0]
[0.8406971506999891, 0.7515062836690755, 0.6999999870414815, 0.3972071458047512, 0.3571505837242812, 0.0]
nan
nan
[0.8406971506996435, 0.7515062836647057, 0.6999999870414815, 0.3972071458081784, 0.3571505837221077, 0.0]
[0.840697150698863, 0.7515062836616518, 0.6999999870414815, 0.39720714580714545, 0.3571505837205887, 0.0]
[0.8406971506994961, 0.751506283669817, 0.6999999870414815, 0.39720714580258043, 0.35715058372465003, 0.0]
nan
nan
nan
[0.8406971507005545, 0.7515062836680069, 0.6999999870414815, 0.3972071458074625, 0.3571505837237497, 0.0]
nan
nan
nan
[0.8406971506987112, 0.7515062836642383, 0.6999999870414815, 0.3972071458059651, 0.3571505837218752, 0.0]
nan
nan
nan
nan
nan
nan
nan
nan
nan
[0.8406971506964972, 0.7515062836651923, 0.6999999870414815, 0.3972071457986189, 0.35715058372234976, 0.0]
[0.8406971506937123, 0.7515062836647904, 0.6999999870414815, 0.3972071457909996, 0.35715058372214986, 0.0]
[0.8406971506977595, 0.7515062836630324, 0.6999999870414815, 0.3972071458044431, 0.3571505837212754, 0.0]
nan
nan
[0.8406971506986167, 0.751506283663898, 0.6999999870414815, 0.3972071458060377, 0.35715058372170594, 0.0]
[0.8406971506947626, 0.7515062836643157, 0.6999999870414815, 0.3972071457945073, 0.3571505837219137, 0.0]
[0.8406971506906397, 0.7515062836582507, 0.6999999870414815, 0.3972071457887656, 0.3571505837188969, 0.0]
nan
nan
nan
nan
nan
nan
nan
nan
nan
nan
nan
nan
nan
nan
nan
nan
nan
[0.8406971506980616, 0.7515062836615055, 0.6999999870414815, 0.39720714580685873, 0.35715058372051595, 0.0]
[0.8406971506986253, 0.7515062836638288, 0.6999999870414815, 0.39720714580613287, 0.35715058372167147, 0.0]
[0.8406971506996367, 0.7515062836653521, 0.6999999870414815, 0.3972071458075049, 0.3571505837224292, 0.0]
[0.8406971506941628, 0.7515062836549141, 0.6999999870414815, 0.3972071458022959, 0.3571505837172373, 0.0]
nan
[0.8406971507076418, 0.7515062836693538, 0.6999999870414815, 0.39720714579444066, 0.35715058372441966, 0.0]
[0.840697150705787, 0.7515062836676566, 0.6999999870414815, 0.39720714579704247, 0.3571505837235755, 0.0]
[0.8406971507016133, 0.751506283664602, 0.6999999870414815, 0.3972071458037987, 0.35715058372205616, 0.0]
