nan
[0.87028662 0.95057993 0.04942007]
nan
nan
[0.87028662 0.90989482 0.09010518]
nan
[0.86891805 0.86268502 0.13731498]
[0.85182202 0.78168762 0.21831238]
[0.86754474 0.8501895  0.1498105 ]
[0.86270037 0.82185551 0.17814449]
[0.84083526 0.75184456 0.24815544]
[0.86062064 0.81266662 0.18733338]
[0.86988424 0.87643946 0.12356054]
nan
[0.84529079 0.76318288 0.23681712]
[0.87028662 0.93040898 0.06959102]
[0.87028662 0.91423084 0.08576916]
[0.87028662 0.93555768 0.06444232]
[0.86452637 0.8310114  0.1689886 ]
[0.86460619 0.83144219 0.16855781]
[0.85431812 0.78956979 0.21043021]
[0.86367062 0.82656579 0.17343421]
nan
[0.86550438 0.83651299 0.16348701]
[0.86800325 0.85391371 0.14608629]
nan
[0.86999408 0.87883918 0.12116082]
[0.86768292 0.85127683 0.14872317]
[0.86596751 0.8393125  0.1606875 ]
[0.86823535 0.85594154 0.14405846]
[0.84440961 0.76087031 0.23912969]
[0.86698202 0.8460201  0.1539799 ]
[0.85369675 0.78755559 0.21244441]
nan
nan
[0.87028662 0.98900607 0.01099393]
[0.87028662 0.90789866 0.09210134]
[0.85071165 0.77834569 0.22165431]
[0.84470473 0.76164066 0.23835934]
[0.84675205 0.76710352 0.23289648]
[0.87028662 0.96254637 0.03745363]
[0.87028662 0.94326337 0.05673663]
nan
[0.85267812 0.78433015 0.21566985]
[0.84864279 0.77235022 0.22764978]
nan
[0.87028662 0.98986936 0.01013064]
[0.87024388 0.88741813 0.11258187]
[0.85914192 0.80671193 0.19328807]
[0.86177763 0.81764339 0.18235661]
nan
[0.86630236 0.84143045 0.15856955]
[0.84072942 0.75158526 0.24841474]
[0.8478271  0.77006131 0.22993869]
nan
[0.84282342 0.75679797 0.24320203]
nan
[0.85790451 0.8020188  0.1979812 ]
[0.85592913 0.79497474 0.20502526]
[0.85682992 0.79812468 0.20187532]
[0.85879807 0.80538347 0.19461653]
[0.86841049 0.85754854 0.14245146]
[0.84969573 0.77536597 0.22463403]
[0.84989268 0.77593809 0.22406191]
[0.85013382 0.77664216 0.22335784]
[0.85175396 0.78148007 0.21851993]
[0.86991718 0.87712018 0.12287982]
[0.85232759 0.78324093 0.21675907]
[0.85214247 0.78266977 0.21733023]
nan
nan
nan
[0.87028662 0.8977066  0.1022934 ]
nan
[0.87028662 0.89719525 0.10280475]
[0.87028662 0.943427   0.056573  ]
[0.87028662 0.94185851 0.05814149]
[0.8702686  0.88928049 0.11071951]
[0.87028662 0.90694838 0.09305162]
[0.87028662 0.90608922 0.09391078]
[0.84247678 0.75592269 0.24407731]
[0.84073641 0.75160237 0.24839763]
[0.84305325 0.75738114 0.24261886]
[0.84702618 0.76785158 0.23214842]
[0.84729654 0.76859346 0.23140654]
[0.85769763 0.80125679 0.19874321]
[0.84715717 0.76821052 0.23178948]
[0.84211244 0.75500812 0.24499188]
[0.84217405 0.7551624  0.2448376 ]
nan
nan
[0.86335533 0.82499999 0.17500001]
nan
nan
[0.84069715 0.75150628 0.24849372]
[0.87028662 0.99282191 0.00717809]
[0.87028662 0.99283273 0.00716727]
[0.87010081 0.88165845 0.11834155]
[0.87010535 0.88179449 0.11820551]
[0.87010535 0.88179448 0.11820552]
[0.87028662 0.97162122 0.02837878]
[0.87028662 0.9775653  0.0224347 ]
[0.87028662 0.90050367 0.09949633]
[0.87028662 0.89577664 0.10422336]
[8.70286619e-01 9.99900000e-01 1.00000000e-04]
[0.84276129 0.75664072 0.24335928]
[0.84133107 0.75306502 0.24693498]
[0.85205809 0.78241037 0.21758963]
[0.85268573 0.7843539  0.2156461 ]
[0.85275057 0.78455654 0.21544346]
[0.85819838 0.80311197 0.19688803]
nan
nan
[0.84951497 0.77484317 0.22515683]
nan
[0.86660247 0.8434049  0.1565951 ]
nan
nan
nan
[0.85291689 0.78507801 0.21492199]
[0.87028662 0.99273989 0.00726011]
nan
nan
[0.87028652 0.89247853 0.10752147]
[0.87028652 0.89247853 0.10752147]
