nan
[0.83831792 0.83831792 0.16270303]
[0.83831792 0.83831792 0.16270303]
nan
nan
nan
nan
[0.83831792 0.83831792 0.16270303]
nan
[0.84073466 0.84436667 0.15563333]
[0.84603066 0.85850606 0.14149394]
[0.83831792 0.83831792 0.16270303]
[0.83831792 0.83831792 0.16270303]
[0.83831792 0.83831792 0.16270303]
[0.83831792 0.83831792 0.16270303]
nan
[0.84603066 0.85850606 0.14149394]
nan
[0.83831792 0.83831792 0.16270303]
nan
[0.85082334 0.87264545 0.12735455]
nan
[0.83831792 0.83831792 0.16270303]
nan
nan
[0.85510337 0.88678485 0.11321515]
[0.87028651 0.99283031 0.00716969]
nan
[0.87021435 0.98576061 0.01423939]
nan
[0.84073466 0.84436667 0.15563333]
nan
[0.84344494 0.85143636 0.14856364]
[0.83831792 0.83831792 0.16270303]
nan
[0.85886272 0.90092426 0.09907574]
[0.85704858 0.89385455 0.10614545]
[0.83831792 0.83831792 0.16270303]
[0.83831792 0.83831792 0.16270303]
nan
[0.83831792 0.83831792 0.16270303]
nan
nan
nan
nan
nan
nan
nan
[0.86919217 0.96455152 0.03544848]
nan
[0.83831792 0.83831792 0.16270303]
nan
[0.85886271 0.90092424 0.09907576]
nan
[0.85082334 0.87264545 0.12735455]
[0.86479421 0.92920303 0.07079697]
nan
[0.83831792 0.83831792 0.16270303]
nan
[0.83831792 0.83831792 0.16270303]
[0.86594302 0.93627273 0.06372727]
nan
[0.83831792 0.83831792 0.16270303]
[0.83831792 0.83831792 0.16270303]
[0.83831792 0.83831792 0.16270303]
[0.83831792 0.83831792 0.16270303]
[0.84073466 0.84436667 0.15563333]
[0.83831792 0.83831792 0.16270303]
[0.83831792 0.83831792 0.16270303]
nan
[0.87028651 0.9928303  0.0071697 ]
nan
[0.86479421 0.92920303 0.07079697]
nan
nan
nan
[0.83831792 0.83831792 0.16270303]
nan
[0.83831792 0.83831792 0.16270303]
nan
nan
[0.83831792 0.83831792 0.16270303]
[0.83831792 0.83831792 0.16270303]
nan
nan
nan
[0.83831792 0.83831792 0.16270303]
nan
nan
[0.85704858 0.89385455 0.10614545]
[0.83831792 0.83831792 0.16270303]
[0.83831792 0.83831792 0.16270303]
[0.83831792 0.83831792 0.16270303]
[0.83831792 0.83831792 0.16270303]
nan
[0.86919217 0.96455152 0.03544848]
nan
nan
[0.86351131 0.92213333 0.07786667]
nan
[0.86479421 0.92920303 0.07079697]
nan
nan
nan
nan
nan
nan
nan
nan
nan
[0.83831792 0.83831792 0.16270303]
nan
nan
nan
nan
nan
nan
nan
[0.84344494 0.85143636 0.14856364]
[0.85082334 0.87264546 0.12735454]
nan
nan
[0.86594302 0.93627273 0.06372727]
[0.86351131 0.92213333 0.07786667]
[0.86351131 0.92213333 0.07786667]
