[0.86618168 0.93785456 0.06214544]
nan
[0.86321775 0.920612   0.079388  ]
[0.87027105 0.98969742 0.01030258]
[0.85902046 0.90156432 0.09843568]
[0.86306681 0.91984203 0.08015797]
nan
[0.84603988 0.85853188 0.14146812]
[0.85787963 0.89702979 0.10297021]
[0.86973306 0.97278988 0.02721012]
[0.8598518  0.90501305 0.09498695]
nan
[0.8410376  0.84514117 0.15485883]
[0.86603792 0.93689639 0.06310361]
[0.85571082 0.88894225 0.11105775]
[0.84291089 0.85001735 0.14998265]
[0.85747382 0.89546667 0.10453333]
[0.86738154 0.94661619 0.05338381]
[0.86549206 0.93339781 0.06660219]
[0.84513721 0.85602421 0.14397579]
[0.83941493 0.84103579 0.15896421]
[0.84340616 0.85133286 0.14866714]
[0.84711031 0.86156437 0.13843563]
nan
[0.84587274 0.85806424 0.14193576]
[0.86721561 0.94530864 0.05469136]
nan
[0.86892675 0.96128171 0.03871829]
[0.86283193 0.91865957 0.08134043]
[0.87020746 0.9854186  0.0145814 ]
[0.85349675 0.88127407 0.11872593]
[0.84728494 0.86206542 0.13793458]
[0.8694964 0.9688375 0.0311625]
nan
nan
[0.85543987 0.88797463 0.11202537]
[0.85704521 0.89384188 0.10615812]
[0.8538781  0.88255794 0.11744206]
[0.85847834 0.89938262 0.10061738]
[0.8610644  0.91029687 0.08970313]
[0.86928004 0.96572021 0.03427979]
[0.86208508 0.91501764 0.08498236]
nan
[0.85325323 0.88046163 0.11953837]
[0.8537433  0.88210247 0.11789753]
nan
[0.87020962 0.98552392 0.01447608]
nan
nan
[0.86886396 0.96055629 0.03944371]
nan
[0.86938874 0.9672392  0.0327608 ]
[0.85112696 0.87359508 0.12640492]
[0.86340763 0.92159237 0.07840763]
[0.86972694 0.97267806 0.02732194]
[0.83831792 0.83831792 0.16168208]
[0.85910209 0.90189726 0.09810274]
[0.85487762 0.88599385 0.11400615]
[0.85685431 0.8931266  0.1068734 ]
nan
[0.8561042  0.89036294 0.10963706]
[0.83992763 0.84232165 0.15767835]
[0.86437881 0.92683161 0.07316839]
[0.85975252 0.90459427 0.09540573]
[0.8625433  0.91723151 0.08276849]
nan
[0.85743549 0.89532031 0.10467969]
[0.84509424 0.85590593 0.14409407]
[0.8453537  0.85662165 0.14337835]
[0.84524119 0.85631085 0.14368915]
[0.8702865  0.99281524 0.00718476]
[0.87028656 0.9929002  0.0070998 ]
[0.86652965 0.9402458  0.0597542 ]
[0.86651174 0.94012008 0.05987992]
[0.86651174 0.94012008 0.05987992]
nan
[0.86871292 0.95887448 0.04112552]
[0.87025866 0.98853728 0.01146272]
nan
nan
nan
[0.86129853 0.9113559  0.0886441 ]
[0.84269646 0.8494513  0.1505487 ]
[0.84660748 0.86013169 0.13986831]
[0.84446554 0.85418615 0.14581385]
[0.85599451 0.88996486 0.11003514]
nan
[0.85042337 0.87140531 0.12859469]
[0.85401334 0.88301673 0.11698327]
[0.85524656 0.88728954 0.11271046]
nan
[0.83842637 0.83858463 0.16141537]
[0.83840944 0.83854296 0.16145704]
[0.83841172 0.83854859 0.16145141]
nan
[0.87028649 0.99280307 0.00719693]
[0.86299511 0.91947907 0.08052093]
nan
[0.8639652  0.92455158 0.07544842]
[0.8639652  0.92455158 0.07544842]
nan
[0.86137597 0.91170915 0.08829085]
nan
[0.85800479 0.89751693 0.10248307]
nan
[0.85538401 0.88777622 0.11222378]
nan
[0.85047708 0.87157113 0.12842887]
[0.8525379  0.87810731 0.12189269]
nan
[0.85614569 0.89051391 0.10948609]
[0.85167841 0.87533878 0.12466122]
[0.85824583 0.89846207 0.10153793]
[0.8581309  0.89801029 0.10198971]
[0.85741123 0.89522773 0.10477227]
nan
[0.85112839 0.87359957 0.12640043]
[0.85096719 0.87309447 0.12690553]
[0.8509672  0.87309447 0.12690553]
[0.85096719 0.87309447 0.12690553]
[0.87028644 0.99273988 0.00726012]
nan
[0.86592891 0.93618055 0.06381945]
[0.86592891 0.93618056 0.06381944]
nan
